 0.00000E+00 3.00001E+02 1.01325E+05 0.00000E+00 0.00000E+00 0.00000E+00 0.00000E+00 0.00000E+00 0.00000E+00 0.00000E+00 0.00000E+00 0.00000E+00 0.00000E+00 0.00000E+00 0.00000E+00
 1.01092E+02 3.09972E+02 1.01464E+05 2.02717E-24 1.27677E-21 4.05778E-41 8.02870E-57 1.34026E-23 2.70864E-56 4.93348E-57 7.13351E-57 4.84522E-57 7.54426E-57 7.69702E-57 1.12852E-56
 2.00692E+02 3.19927E+02 1.01663E+05 3.97079E-23 1.52856E-20 2.55484E-39 2.79723E-54 2.17200E-22 1.25539E-53 2.28650E-54 3.30618E-54 2.23589E-54 2.62845E-54 2.68167E-54 5.23039E-54
 3.00192E+02 3.29941E+02 1.02041E+05 1.70194E-22 1.54622E-20 6.86008E-37 7.71418E-44 2.20053E-22 2.12802E-41 4.44826E-39 1.42179E-42 7.62097E-51 3.48066E-46 2.75965E-54 1.40164E-34
 4.00192E+02 3.39936E+02 1.02594E+05 3.13576E-22 1.54622E-20 1.44018E-36 1.62273E-43 2.20053E-22 4.47643E-41 9.35720E-39 2.99083E-42 1.60563E-50 7.32181E-46 2.75966E-54 2.94844E-34
 5.00192E+02 3.49930E+02 1.03307E+05 1.43245E-20 1.54622E-20 5.19070E-34 2.24262E-40 2.20053E-22 4.64777E-38 5.68007E-36 3.45668E-39 3.38787E-47 1.69161E-42 3.01034E-54 5.15327E-32
 6.00192E+02 3.59924E+02 1.04167E+05 2.89933E-20 1.54622E-20 1.06102E-33 4.58894E-40 2.20053E-22 9.50931E-38 1.16173E-35 7.07270E-39 6.93314E-47 3.46196E-42 3.27280E-54 1.05178E-31
 7.00192E+02 3.69918E+02 1.05165E+05 8.56919E-19 1.54622E-20 1.73933E-31 2.45845E-37 2.20079E-22 3.96077E-35 2.99524E-33 3.21549E-36 5.41791E-44 2.91633E-39 2.33902E-51 9.11891E-30
 8.00192E+02 3.79912E+02 1.06289E+05 1.70635E-18 1.54622E-20 3.51306E-31 4.97626E-37 2.20106E-22 8.01500E-35 6.05660E-33 6.50751E-36 1.09695E-43 5.90512E-39 4.73565E-51 1.83673E-29
 9.00192E+02 3.89905E+02 1.07534E+05 3.21547E-17 1.54622E-20 3.02171E-29 1.22313E-34 2.22316E-22 1.57725E-32 7.75181E-31 1.37532E-33 3.78543E-41 2.16650E-36 7.82599E-48 9.02799E-28
 1.00019E+03 3.99899E+02 1.08894E+05 6.30370E-17 1.54622E-20 6.05119E-29 2.45881E-34 2.24558E-22 3.16906E-32 1.55536E-30 2.76381E-33 7.61387E-41 4.35818E-36 1.57598E-47 1.79991E-27
 1.10019E+03 4.09893E+02 1.10364E+05 8.19858E-16 1.54623E-20 3.04233E-27 3.15073E-32 3.42347E-22 3.33383E-30 1.10977E-28 3.08219E-31 1.32492E-38 7.97184E-34 1.11377E-44 5.52292E-26
 1.20019E+03 4.19887E+02 1.11940E+05 1.58172E-15 1.54623E-20 6.04445E-27 6.29826E-32 4.60934E-22 6.65856E-30 2.21145E-28 6.15763E-31 2.65113E-38 1.59544E-33 2.23359E-44 1.09021E-25
 1.30019E+03 4.29881E+02 1.13618E+05 1.51049E-14 1.54633E-20 1.93217E-25 4.65038E-30 4.65539E-21 4.12591E-28 9.63923E-27 3.99984E-29 2.58317E-36 1.61822E-31 7.66829E-42 2.25215E-24
 1.40019E+03 4.39875E+02 1.15396E+05 2.86455E-14 1.54644E-20 3.80668E-25 9.24483E-30 8.85585E-21 8.19146E-28 1.90716E-26 7.94414E-29 5.14358E-36 3.22296E-31 1.53262E-41 4.39837E-24
 1.50019E+03 4.49869E+02 1.17270E+05 2.10913E-13 1.55099E-20 8.27740E-24 4.26371E-28 1.14706E-19 3.23152E-26 5.46261E-25 3.25490E-27 3.05133E-34 1.97505E-29 2.83388E-39 6.49550E-23
 1.60019E+03 4.59863E+02 1.19239E+05 3.92688E-13 1.55553E-20 1.61548E-23 8.42502E-28 2.20289E-19 6.37359E-26 1.07218E-24 6.42276E-27 6.04390E-34 3.91327E-29 5.64584E-39 1.25360E-22
 1.70019E+03 4.69856E+02 1.21298E+05 2.31919E-12 1.69529E-20 2.52412E-22 2.59265E-26 2.20474E-18 1.70542E-24 2.14192E-23 1.77085E-25 2.33802E-32 1.55360E-27 6.11753E-37 1.39011E-21
 1.80019E+03 4.79850E+02 1.23443E+05 4.23467E-12 1.83430E-20 4.87387E-22 5.08767E-26 4.17823E-18 3.33831E-24 4.16567E-23 3.46834E-25 4.60334E-32 3.06002E-27 1.21466E-36 2.64792E-21
 1.90019E+03 4.89844E+02 1.25670E+05 2.07219E-11 5.00417E-20 5.73109E-21 1.10294E-24 3.29127E-17 6.38913E-23 6.10185E-22 6.79273E-24 1.22979E-30 8.34318E-26 8.27574E-35 2.29559E-20
 2.00019E+03 4.99838E+02 1.27975E+05 3.70769E-11 8.14977E-20 1.09346E-20 2.14706E-24 6.14235E-17 1.23986E-22 1.17438E-21 1.31898E-23 2.40456E-30 1.63198E-25 1.63690E-34 4.31065E-20
 2.10019E+03 5.09832E+02 1.30284E+05 1.54435E-10 6.33303E-19 1.00570E-19 3.43710E-23 3.93437E-16 1.77470E-21 1.31526E-20 1.92135E-22 4.65862E-29 3.21135E-24 7.43998E-33 3.02296E-19
 2.20019E+03 5.19825E+02 1.32538E+05 2.70748E-10 1.18042E-18 1.89444E-19 6.63249E-23 7.22582E-16 3.41155E-21 2.50296E-20 3.69578E-22 9.03971E-29 6.23406E-24 1.46561E-32 5.59256E-19
 2.30019E+03 5.29818E+02 1.34746E+05 9.82946E-10 8.80742E-18 1.40941E-18 8.16281E-22 3.87564E-15 3.79762E-20 2.22343E-19 4.16429E-21 1.32424E-27 9.24111E-23 4.68134E-31 3.26876E-18
 2.40019E+03 5.39811E+02 1.36914E+05 1.68910E-09 1.63731E-17 2.61956E-18 1.56032E-21 7.00284E-15 7.22670E-20 4.18081E-19 7.92897E-21 2.54832E-27 1.77911E-22 9.18091E-31 5.95617E-18
 2.50019E+03 5.49803E+02 1.39044E+05 5.44614E-09 1.02409E-16 1.62113E-17 1.52614E-20 3.22125E-14 6.46054E-19 3.03493E-18 7.14472E-20 2.92496E-26 2.05942E-21 2.14941E-29 2.97257E-17
 2.60019E+03 5.59795E+02 1.41140E+05 9.17379E-09 1.87815E-16 2.97033E-17 2.88642E-20 5.72328E-14 1.21571E-18 5.63277E-18 1.34509E-19 5.57595E-26 3.92753E-21 4.19260E-29 5.33181E-17
 2.70019E+03 5.69787E+02 1.43208E+05 2.66871E-08 9.98190E-16 1.56462E-16 2.30817E-19 2.30246E-13 8.96654E-18 3.42601E-17 9.96089E-19 5.16106E-25 3.65637E-20 7.46528E-28 2.31815E-16
 2.80019E+03 5.79779E+02 1.45250E+05 4.40731E-08 1.80311E-15 2.82367E-16 4.31447E-19 4.02059E-13 1.66664E-17 6.26967E-17 1.85200E-18 9.73440E-25 6.89878E-20 1.44665E-27 4.09085E-16
 2.90019E+03 5.89770E+02 1.47272E+05 1.17111E-07 8.29622E-15 1.29056E-15 2.88733E-18 1.43780E-12 1.03704E-16 3.26357E-16 1.15338E-17 7.45235E-24 5.30045E-19 2.02004E-26 1.57482E-15
 3.00019E+03 5.99761E+02 1.49277E+05 1.89646E-07 1.47483E-14 2.29238E-15 5.32820E-18 2.46678E-12 1.90207E-16 5.88371E-16 2.11561E-17 1.38918E-23 9.88309E-19 3.88437E-26 2.73302E-15
 3.10019E+03 6.09751E+02 1.51269E+05 4.65284E-07 5.97397E-14 9.23974E-15 3.04514E-17 7.94996E-12 1.01829E-15 2.66863E-15 1.13016E-16 8.98598E-23 6.40232E-18 4.36808E-25 9.45006E-15
 3.20019E+03 6.19741E+02 1.53251E+05 7.39083E-07 1.04458E-13 1.61449E-14 5.54277E-17 1.33986E-11 1.84151E-15 4.73643E-15 2.04335E-16 1.65386E-22 1.17850E-17 8.32544E-25 1.61253E-14
 3.30019E+03 6.29731E+02 1.55228E+05 1.68946E-06 3.77844E-13 5.82141E-14 2.75322E-16 3.93753E-11 8.62286E-15 1.90076E-14 9.52443E-16 9.20537E-22 6.55817E-17 7.71700E-24 5.06815E-14
 3.40019E+03 6.39721E+02 1.57202E+05 2.63357E-06 6.49597E-13 1.00032E-13 4.93957E-16 6.51909E-11 1.53651E-14 3.31950E-14 1.69624E-15 1.67139E-21 1.19074E-16 1.45640E-23 8.50263E-14
 3.50019E+03 6.49710E+02 1.59177E+05 5.65286E-06 2.12454E-12 3.26530E-13 2.16469E-15 1.76489E-10 6.38504E-14 1.19465E-13 7.00336E-15 8.13677E-21 5.78851E-16 1.13545E-22 2.45471E-13
 3.60019E+03 6.59699E+02 1.61156E+05 8.65219E-06 3.59068E-12 5.51675E-13 3.82589E-15 2.87096E-10 1.12057E-13 2.05228E-13 1.22800E-14 1.45655E-20 1.03604E-15 2.11991E-22 4.04935E-13
 3.70019E+03 6.69688E+02 1.63141E+05 1.75541E-05 1.07299E-11 1.64799E-12 1.49938E-14 7.22270E-10 4.18590E-13 6.69989E-13 4.54792E-14 6.28971E-20 4.46223E-15 1.41483E-21 1.08336E-12
 3.80019E+03 6.79676E+02 1.65138E+05 2.63963E-05 1.78258E-11 2.73766E-12 2.60972E-14 1.15470E-09 7.23339E-13 1.13198E-12 7.84848E-14 1.10952E-19 7.86888E-15 2.61111E-21 1.75757E-12
 3.90019E+03 6.89664E+02 1.67140E+05 5.09187E-05 4.89464E-11 7.55279E-12 9.25237E-14 2.71319E-09 2.45573E-12 3.38726E-12 2.63709E-13 4.29382E-19 3.04049E-14 1.51588E-20 4.39312E-12
 4.00019E+03 6.99652E+02 1.69145E+05 7.52733E-05 7.80651E-11 1.23382E-11 1.58559E-13 4.18166E-09 4.17784E-12 5.62884E-12 4.47832E-13 7.37311E-19 5.28101E-14 2.76366E-20 7.01201E-12
 4.10019E+03 7.09639E+02 1.71150E+05 1.38766E-04 1.96689E-10 3.16917E-11 5.13527E-13 9.14402E-09 1.30126E-11 1.55703E-11 1.37840E-12 2.58823E-18 1.85069E-13 1.41424E-19 1.64814E-11
 4.20019E+03 7.19626E+02 1.73163E+05 2.01844E-04 3.10919E-10 5.09323E-11 8.66531E-13 1.38956E-08 2.17981E-11 2.54549E-11 2.30376E-12 4.38189E-18 3.16607E-13 2.54620E-19 2.58943E-11
 4.30019E+03 7.29612E+02 1.75196E+05 3.57674E-04 7.52143E-10 1.22875E-10 2.59281E-12 2.94458E-08 6.29525E-11 6.57430E-11 6.56730E-12 1.42638E-17 1.01814E-12 1.16601E-18 5.76886E-11
 4.40019E+03 7.39598E+02 1.77218E+05 5.12641E-04 1.17798E-09 1.94468E-10 4.31126E-12 4.44448E-08 1.03918E-10 1.05840E-10 1.08112E-11 2.38910E-17 1.71654E-12 2.07358E-18 8.93241E-11
 4.50019E+03 7.49584E+02 1.79228E+05 6.11231E-04 1.26265E-09 2.13474E-10 4.32088E-12 5.55249E-08 1.04176E-10 1.06891E-10 1.08400E-11 4.54937E-17 1.72289E-12 2.09010E-18 1.47405E-10
 4.60019E+03 7.59569E+02 1.81228E+05 7.08565E-04 1.34183E-09 2.32030E-10 4.32194E-12 6.61330E-08 1.04230E-10 1.07738E-10 1.08475E-11 6.59622E-17 1.72574E-12 2.10160E-18 2.05042E-10
 4.70019E+03 7.69554E+02 1.83222E+05 7.71365E-04 1.34222E-09 2.37262E-10 4.32195E-12 7.39154E-08 1.04231E-10 1.07764E-10 1.08476E-11 1.09466E-16 1.72577E-12 2.10165E-18 3.06311E-10
 4.80019E+03 7.79539E+02 1.85212E+05 8.32553E-04 1.34222E-09 2.42308E-10 4.32195E-12 8.13114E-08 1.04231E-10 1.07784E-10 1.08476E-11 1.49161E-16 1.72578E-12 2.10165E-18 4.05463E-10
 4.90019E+03 7.89523E+02 1.87198E+05 8.32868E-04 1.62589E-09 2.55479E-09 1.24558E-10 8.13474E-08 2.48018E-10 1.73039E-09 2.48842E-10 2.03046E-16 6.25065E-12 3.08784E-18 4.09481E-10
 5.00019E+03 7.99507E+02 1.89181E+05 8.32880E-04 1.89649E-09 4.82655E-09 2.42678E-10 8.13474E-08 3.89274E-10 3.32443E-09 4.82648E-10 2.53682E-16 1.06959E-11 4.03327E-18 4.12946E-10
 5.10019E+03 8.09490E+02 1.91161E+05 8.32900E-04 2.61338E-09 1.12508E-08 5.40786E-10 8.13474E-08 7.52723E-10 8.13739E-09 1.25997E-09 5.02572E-16 2.45597E-11 8.43861E-18 4.20448E-10
 5.20019E+03 8.19472E+02 1.93138E+05 8.32919E-04 3.29638E-09 1.75542E-08 8.33222E-10 8.13474E-08 1.10927E-09 1.28603E-08 2.02286E-09 7.36975E-16 3.81648E-11 1.26305E-17 4.27805E-10
 5.30019E+03 8.29455E+02 1.95115E+05 8.32950E-04 4.94666E-09 3.44502E-08 1.52609E-09 8.13474E-08 1.96832E-09 2.63181E-08 4.40333E-09 1.74657E-15 7.78245E-11 3.05801E-17 4.42997E-10
 5.40019E+03 8.39437E+02 1.97093E+05 8.32981E-04 6.52007E-09 5.10342E-08 2.20599E-09 8.13474E-08 2.81132E-09 3.95288E-08 6.74043E-09 2.69777E-15 1.16757E-10 4.76261E-17 4.57900E-10
 5.50019E+03 8.49418E+02 1.99073E+05 8.33026E-04 1.00855E-08 9.33321E-08 3.72407E-09 8.13474E-08 4.72103E-09 7.52156E-08 1.35924E-08 6.50185E-15 2.23243E-10 1.14997E-16 4.87322E-10
 5.60019E+03 8.59399E+02 2.01057E+05 8.33057E-04 1.34873E-08 1.34860E-07 5.21411E-09 8.13474E-08 6.59553E-09 1.10257E-07 2.01305E-08 1.00904E-14 3.27804E-10 1.79188E-16 5.16191E-10
 5.70019E+03 8.69380E+02 2.03045E+05 8.33060E-04 2.07966E-08 2.36011E-07 8.35721E-09 8.20195E-08 1.05989E-08 2.00322E-07 3.79299E-08 2.35809E-14 5.97047E-10 4.14368E-16 5.70756E-10
 5.80019E+03 8.79360E+02 2.05038E+05 8.33060E-04 2.77779E-08 3.35343E-07 1.14428E-08 8.26979E-08 1.45293E-08 2.88778E-07 5.48750E-08 3.63238E-14 8.61481E-10 6.39464E-16 6.24310E-10
 5.90019E+03 8.89340E+02 2.07037E+05 8.33060E-04 4.20783E-08 5.67076E-07 1.76073E-08 8.55568E-08 2.24629E-08 5.05836E-07 1.01112E-07 8.16572E-14 1.50457E-09 1.40489E-15 7.21349E-10
 6.00019E+03 8.99320E+02 2.09043E+05 8.33060E-04 5.57550E-08 7.94690E-07 2.36600E-08 8.83277E-08 3.02529E-08 7.19058E-07 1.45311E-07 1.24519E-13 2.13629E-09 2.13835E-15 8.16605E-10
 6.10019E+03 9.09299E+02 2.11055E+05 8.33060E-04 8.16076E-08 1.29092E-06 3.63824E-08 9.52348E-08 4.68998E-08 1.19297E-06 2.50574E-07 2.54836E-13 3.63364E-09 4.55044E-15 1.00788E-09
 6.20019E+03 9.19277E+02 2.13076E+05 8.33060E-04 1.06356E-07 1.77838E-06 4.88789E-08 1.01881E-07 6.32520E-08 1.65852E-06 3.51282E-07 3.78173E-13 5.10480E-09 6.86363E-15 1.19574E-09
 6.30019E+03 9.29256E+02 2.15104E+05 8.33060E-04 1.49442E-07 2.76399E-06 7.80273E-08 1.16791E-07 1.02343E-07 2.57995E-06 5.55284E-07 6.87116E-13 8.58156E-09 1.44124E-14 1.63878E-09
 6.40019E+03 9.39233E+02 2.17140E+05 8.33060E-04 1.90722E-07 3.73225E-06 1.06672E-07 1.31109E-07 1.40760E-07 3.48511E-06 7.50585E-07 9.79979E-13 1.19983E-08 2.16559E-14 2.07418E-09
 6.50019E+03 9.49211E+02 2.19186E+05 8.33060E-04 2.60846E-07 5.62720E-06 1.70941E-07 1.60436E-07 2.28819E-07 5.21873E-06 1.13385E-06 1.68725E-12 1.97691E-08 4.40365E-14 3.05512E-09
 6.60019E+03 9.59188E+02 2.21240E+05 8.33060E-04 3.28086E-07 7.48906E-06 2.34109E-07 1.88586E-07 3.15371E-07 6.92198E-06 1.50104E-06 2.35864E-12 2.74068E-08 6.55229E-14 4.01925E-09
 6.70019E+03 9.69164E+02 2.23303E+05 8.33060E-04 4.39652E-07 1.10239E-05 3.70813E-07 2.42980E-07 5.06202E-07 1.00859E-05 2.19954E-06 3.92178E-12 4.41655E-08 1.28620E-13 6.09668E-09
 6.80019E+03 9.79140E+02 2.25376E+05 8.33060E-04 5.46710E-07 1.44975E-05 5.05189E-07 2.95202E-07 6.93791E-07 1.31948E-05 2.86920E-06 5.40690E-12 6.06393E-08 1.89229E-13 8.13871E-09
 6.90019E+03 9.89116E+02 2.27458E+05 8.33060E-04 7.20342E-07 2.09070E-05 7.86335E-07 3.91567E-07 1.09245E-06 1.88063E-05 4.10618E-06 8.74551E-12 9.55847E-08 3.59033E-13 1.23536E-08
 7.00019E+03 9.99091E+02 2.29550E+05 8.33060E-04 8.87083E-07 2.72062E-05 1.06273E-06 4.84127E-07 1.48438E-06 2.43209E-05 5.29294E-06 1.19199E-11 1.29940E-07 5.22243E-13 1.64971E-08
 7.10019E+03 1.00907E+03 2.31652E+05 8.33060E-04 1.14864E-06 3.83586E-05 1.61351E-06 6.45618E-07 2.27388E-06 3.38867E-05 7.39902E-06 1.91938E-11 2.03540E-07 9.77819E-13 2.41111E-08
 7.20019E+03 1.01904E+03 2.33765E+05 8.33060E-04 1.39998E-06 4.93198E-05 2.15501E-06 8.00817E-07 3.05011E-06 4.32880E-05 9.42097E-06 2.61142E-11 2.75912E-07 1.41597E-12 3.15953E-08
 7.30019E+03 1.02901E+03 2.35888E+05 8.33060E-04 1.79174E-06 6.85437E-05 3.22124E-06 1.06603E-06 4.59615E-06 5.94129E-05 1.29628E-05 4.07075E-11 4.20557E-07 2.54337E-12 4.58359E-08
 7.40019E+03 1.03899E+03 2.38021E+05 8.33060E-04 2.16847E-06 8.74410E-05 4.26967E-06 1.32106E-06 6.11644E-06 7.52628E-05 1.63654E-05 5.46027E-11 5.62795E-07 3.62819E-12 5.98377E-08
 7.50019E+03 1.04896E+03 2.40166E+05 8.33060E-04 2.74430E-06 1.19807E-04 6.27644E-06 1.74139E-06 9.05322E-06 1.01811E-04 2.21770E-05 8.30956E-11 8.39204E-07 6.31298E-12 8.54467E-08
 7.60019E+03 1.05893E+03 2.42321E+05 8.33060E-04 3.29840E-06 1.51627E-04 8.24994E-06 2.14584E-06 1.19414E-05 1.27910E-04 2.77638E-05 1.10256E-10 1.11104E-06 8.89781E-12 1.10628E-07
 7.70019E+03 1.06890E+03 2.44488E+05 8.33060E-04 4.13036E-06 2.04934E-04 1.19295E-05 2.78990E-06 1.73648E-05 1.70661E-04 3.70856E-05 1.64441E-10 1.62550E-06 1.50631E-11 1.55000E-07
 7.80019E+03 1.07888E+03 2.46667E+05 8.33060E-04 4.93145E-06 2.57346E-04 1.55484E-05 3.41003E-06 2.26988E-05 2.12691E-04 4.60526E-05 2.16136E-10 2.13149E-06 2.10019E-11 1.98633E-07
 7.90019E+03 1.08885E+03 2.48857E+05 8.33060E-04 6.11407E-06 3.43310E-04 2.21269E-05 4.36597E-06 3.24488E-05 2.80093E-04 6.06857E-05 3.16626E-10 3.06557E-06 3.46803E-11 2.72807E-07
 8.00019E+03 1.09882E+03 2.51058E+05 8.33060E-04 7.25349E-06 4.27840E-04 2.85975E-05 5.28693E-06 4.20390E-05 3.46364E-04 7.47704E-05 4.12577E-10 3.98436E-06 4.78628E-11 3.45751E-07
 8.10019E+03 1.10879E+03 2.53271E+05 8.33060E-04 8.90939E-06 5.63761E-04 4.00870E-05 6.66397E-06 5.91343E-05 4.50582E-04 9.72824E-05 5.94555E-10 5.64147E-06 7.72503E-11 4.65684E-07
 8.20019E+03 1.11876E+03 2.55496E+05 8.33060E-04 1.05058E-05 6.97426E-04 5.13890E-05 7.99144E-06 7.59509E-05 5.53062E-04 1.18964E-04 7.68452E-10 7.27162E-06 1.05586E-10 5.83635E-07
 8.30019E+03 1.12873E+03 2.57732E+05 8.33060E-04 1.27900E-05 9.08384E-04 7.10184E-05 9.92129E-06 1.05212E-04 7.11204E-04 1.52937E-04 1.09068E-09 1.01461E-05 1.66808E-10 7.71550E-07
 8.40019E+03 1.13870E+03 2.59980E+05 8.33060E-04 1.49934E-05 1.11586E-03 9.03293E-05 1.17828E-05 1.33997E-04 8.66724E-04 1.85676E-04 1.39880E-09 1.29741E-05 2.25865E-10 9.56369E-07
 8.50019E+03 1.14866E+03 2.62240E+05 8.33060E-04 1.81021E-05 1.43754E-03 1.23157E-04 1.44188E-05 1.82978E-04 1.10255E-03 2.36024E-04 1.95713E-09 1.78583E-05 3.49776E-10 1.24240E-06
 8.60019E+03 1.15863E+03 2.64512E+05 8.33060E-04 2.11021E-05 1.75395E-03 1.55456E-04 1.69629E-05 2.31167E-04 1.33448E-03 2.84569E-04 2.49138E-09 2.26639E-05 4.69364E-10 1.52374E-06
 8.70019E+03 1.16860E+03 2.66796E+05 8.33060E-04 2.52774E-05 2.23645E-03 2.09284E-04 2.04804E-05 3.11442E-04 1.68029E-03 3.57927E-04 3.43952E-09 3.07990E-05 7.13334E-10 1.94767E-06
 8.80019E+03 1.17857E+03 2.69092E+05 8.33060E-04 2.93083E-05 2.71107E-03 2.62249E-04 2.38768E-05 3.90427E-04 2.02044E-03 4.28697E-04 4.34745E-09 3.88039E-05 9.48906E-10 2.36466E-06
 8.90019E+03 1.18853E+03 2.71401E+05 8.33060E-04 3.48473E-05 3.42340E-03 3.48885E-04 2.84716E-05 5.19360E-04 2.51959E-03 5.33906E-04 5.92723E-09 5.21038E-05 1.41707E-09 2.97784E-06
 9.00019E+03 1.19850E+03 2.73722E+05 8.33060E-04 4.01961E-05 4.12416E-03 4.34137E-04 3.29097E-05 6.46227E-04 3.01059E-03 6.35454E-04 7.44090E-09 6.51919E-05 1.86932E-09 3.58103E-06
 9.10019E+03 1.20847E+03 2.76060E+05 8.33060E-04 4.74537E-05 5.15998E-03 5.71068E-04 3.87973E-05 8.49393E-04 3.72054E-03 7.83989E-04 1.00249E-08 8.65492E-05 2.74584E-09 4.44860E-06
 9.20019E+03 1.21843E+03 2.78412E+05 8.33060E-04 5.44612E-05 6.17901E-03 7.05817E-04 4.44841E-05 1.04931E-03 4.41894E-03 9.27414E-04 1.25019E-08 1.07567E-04 3.59291E-09 5.30203E-06
 9.30019E+03 1.22840E+03 2.80776E+05 8.33060E-04 6.38596E-05 7.66415E-03 9.18626E-04 5.18924E-05 1.36373E-03 5.41437E-03 1.13413E-03 1.66554E-08 1.41283E-04 5.19626E-09 6.50512E-06
 9.40019E+03 1.23836E+03 2.83153E+05 8.33060E-04 7.29278E-05 9.12536E-03 1.12806E-03 5.90431E-05 1.67314E-03 6.39368E-03 1.33381E-03 2.06389E-08 1.74466E-04 6.74646E-09 7.68869E-06
 9.50019E+03 1.24832E+03 2.85542E+05 8.33060E-04 8.49517E-05 1.12266E-02 1.45344E-03 6.82037E-05 2.15154E-03 7.77093E-03 1.61753E-03 2.72052E-08 2.26854E-04 9.61472E-09 9.32669E-06
 9.60019E+03 1.25829E+03 2.87944E+05 8.33060E-04 9.65484E-05 1.32941E-02 1.77369E-03 7.70303E-05 2.62232E-03 9.12597E-03 1.89168E-03 3.35054E-08 2.78418E-04 1.23891E-08 1.09382E-05
 9.70019E+03 1.26825E+03 2.90360E+05 8.33060E-04 1.11802E-04 1.62282E-02 2.26370E-03 8.82048E-05 3.33821E-03 1.10071E-02 2.27592E-03 4.35408E-08 3.57225E-04 1.73269E-08 1.31692E-05
 9.80019E+03 1.27822E+03 2.92790E+05 8.33060E-04 1.26549E-04 1.91154E-02 2.74601E-03 9.90091E-05 4.04271E-03 1.28580E-02 2.64727E-03 5.31739E-08 4.34792E-04 2.21049E-08 1.53644E-05
 9.90019E+03 1.28818E+03 2.95235E+05 8.33060E-04 1.45758E-04 2.31638E-02 3.47330E-03 1.12520E-04 5.09776E-03 1.53967E-02 3.16113E-03 6.85702E-08 5.53625E-04 3.05841E-08 1.83077E-05
 1.00002E+04 1.29814E+03 2.97693E+05 8.33060E-04 1.64336E-04 2.71477E-02 4.18920E-03 1.25590E-04 6.13597E-03 1.78948E-02 3.65768E-03 8.33589E-08 6.70601E-04 3.87924E-08 2.12038E-05
 1.01002E+04 1.30810E+03 3.00166E+05 8.33060E-04 1.88306E-04 3.26681E-02 5.25361E-03 1.41739E-04 7.66795E-03 2.12818E-02 4.33631E-03 1.06648E-07 8.47295E-04 5.30787E-08 2.50341E-05
 1.02002E+04 1.31807E+03 3.02654E+05 8.33060E-04 2.11500E-04 3.81010E-02 6.30139E-03 1.57367E-04 9.17535E-03 2.46146E-02 4.99169E-03 1.29029E-07 1.02123E-03 6.69138E-08 2.88031E-05
 1.03002E+04 1.32803E+03 3.05156E+05 8.33060E-04 2.41150E-04 4.55456E-02 7.83878E-03 1.76475E-04 1.13684E-02 2.90833E-02 5.87661E-03 1.63067E-07 1.27563E-03 9.00870E-08 3.38195E-05
 1.04002E+04 1.33799E+03 3.07673E+05 8.33060E-04 2.69851E-04 5.28726E-02 9.35224E-03 1.94976E-04 1.35261E-02 3.34809E-02 6.73244E-03 1.95799E-07 1.52605E-03 1.12535E-07 3.87561E-05
 1.05002E+04 1.34795E+03 3.10204E+05 8.33060E-04 3.06229E-04 6.28061E-02 1.15453E-02 2.17374E-04 1.66240E-02 3.93157E-02 7.87774E-03 2.45956E-07 1.89463E-03 1.50221E-07 4.51283E-05
 1.06002E+04 1.35791E+03 3.12749E+05 8.33060E-04 3.41459E-04 7.25830E-02 1.37043E-02 2.39069E-04 1.96712E-02 4.50581E-02 8.98604E-03 2.94210E-07 2.25747E-03 1.86738E-07 5.13991E-05
 1.07002E+04 1.36787E+03 3.15307E+05 8.33060E-04 3.85744E-04 8.57063E-02 1.67945E-02 2.65103E-04 2.39898E-02 5.26015E-02 1.04535E-02 3.65817E-07 2.77599E-03 2.45901E-07 5.95445E-05
 1.08002E+04 1.37783E+03 3.17878E+05 8.33060E-04 4.28649E-04 9.86236E-02 1.98370E-02 2.90333E-04 2.82366E-02 6.00258E-02 1.18741E-02 4.34728E-07 3.28643E-03 3.03217E-07 6.75614E-05
 1.09002E+04 1.38779E+03 3.20461E+05 8.33060E-04 4.82164E-04 1.15794E-01 2.41416E-02 3.20353E-04 3.41819E-02 6.96862E-02 1.37361E-02 5.42691E-07 4.05268E-03 4.00609E-07 7.72658E-05
 1.10002E+04 1.39775E+03 3.23058E+05 8.33060E-04 5.34034E-04 1.32696E-01 2.83799E-02 3.49458E-04 4.00258E-02 7.91948E-02 1.55396E-02 6.46583E-07 4.80718E-03 4.95005E-07 8.68154E-05
 1.11002E+04 1.40771E+03 3.25667E+05 8.33060E-04 5.98258E-04 1.54955E-01 3.43114E-02 3.83832E-04 4.81163E-02 9.14530E-02 1.78811E-02 7.96555E-07 5.85945E-03 6.42958E-07 9.90028E-05
 1.12002E+04 1.41767E+03 3.28288E+05 8.33060E-04 6.60535E-04 1.76868E-01 4.01519E-02 4.17174E-04 5.60644E-02 1.03519E-01 2.01500E-02 9.40760E-07 6.89536E-03 7.86431E-07 1.11000E-04
 1.13002E+04 1.42763E+03 3.30921E+05 8.33060E-04 7.37082E-04 2.05479E-01 4.82390E-02 4.56277E-04 6.69409E-02 1.18941E-01 2.30681E-02 1.15704E-06 8.39093E-03 1.01884E-06 1.25441E-04
 1.14002E+04 1.43759E+03 3.33564E+05 8.33060E-04 8.11340E-04 2.33646E-01 5.62025E-02 4.94223E-04 7.76177E-02 1.34123E-01 2.58970E-02 1.36474E-06 9.86345E-03 1.24433E-06 1.39234E-04
 1.15002E+04 1.44755E+03 3.36219E+05 8.33060E-04 9.01991E-04 2.70110E-01 6.71199E-02 5.38424E-04 9.20798E-02 1.53366E-01 2.95030E-02 1.65320E-06 1.18413E-02 1.58162E-06 1.55815E-04
 1.16002E+04 1.45751E+03 3.38884E+05 8.33060E-04 9.89969E-04 3.06011E-01 7.78711E-02 5.81336E-04 1.06261E-01 1.72311E-01 3.30001E-02 1.93112E-06 1.37881E-02 1.90894E-06 1.71260E-04
 1.17002E+04 1.46747E+03 3.41559E+05 8.33060E-04 1.09669E-03 3.52121E-01 9.24708E-02 6.31021E-04 1.25275E-01 1.96134E-01 3.74215E-02 2.32334E-06 1.64366E-02 2.40400E-06 1.90646E-04
 1.18002E+04 1.47743E+03 3.44242E+05 8.33060E-04 1.20031E-03 3.97523E-01 1.06849E-01 6.79278E-04 1.43895E-01 2.19590E-01 4.17113E-02 2.70145E-06 1.90435E-02 2.88466E-06 2.09416E-04
 1.19002E+04 1.48739E+03 3.46935E+05 8.33060E-04 1.32521E-03 4.55378E-01 1.26190E-01 7.34811E-04 1.68622E-01 2.48869E-01 4.70919E-02 3.23180E-06 2.25687E-02 3.60491E-06 2.32857E-04
 1.20002E+04 1.49735E+03 3.49634E+05 8.33060E-04 1.44652E-03 5.12350E-01 1.45239E-01 7.88773E-04 1.92793E-01 2.77699E-01 5.23145E-02 3.74337E-06 2.60382E-02 4.30451E-06 2.55629E-04
 1.21002E+04 1.49742E+03 3.52126E+05 8.33060E-04 1.59212E-03 5.84492E-01 1.70672E-01 8.50640E-04 2.24639E-01 3.13459E-01 5.88259E-02 4.50283E-06 3.09777E-02 5.40762E-06 2.82035E-04
 1.22002E+04 1.49745E+03 3.54164E+05 8.33060E-04 1.73427E-03 6.55814E-01 1.95820E-01 9.11074E-04 2.55894E-01 3.48811E-01 6.51777E-02 5.23917E-06 3.58596E-02 6.48417E-06 3.07744E-04
 1.23002E+04 1.49747E+03 3.55844E+05 8.33060E-04 1.88843E-03 7.35676E-01 2.24710E-01 9.75060E-04 2.91503E-01 3.87989E-01 7.21927E-02 6.03494E-06 4.11280E-02 7.69185E-06 3.38205E-04
 1.24002E+04 1.49749E+03 3.57260E+05 8.33060E-04 2.03954E-03 8.14898E-01 2.53371E-01 1.03782E-03 3.26607E-01 4.26852E-01 7.90632E-02 6.80991E-06 4.63497E-02 8.87442E-06 3.68025E-04
 1.25002E+04 1.49751E+03 3.58481E+05 8.33060E-04 2.18752E-03 8.93394E-01 2.81650E-01 1.09916E-03 3.61036E-01 4.65289E-01 8.57591E-02 7.57744E-06 5.15714E-02 1.00448E-05 3.96716E-04
 1.26002E+04 1.49753E+03 3.59556E+05 8.33060E-04 2.33293E-03 9.71385E-01 3.09745E-01 1.15949E-03 3.95031E-01 5.03478E-01 9.23331E-02 8.32772E-06 5.67562E-02 1.11935E-05 4.24884E-04
 1.27002E+04 1.49755E+03 3.60517E+05 8.33060E-04 2.47574E-03 1.04882E+00 3.37542E-01 1.21861E-03 4.28469E-01 5.41344E-01 9.87617E-02 9.03892E-06 6.17520E-02 1.22849E-05 4.53353E-04
 1.28002E+04 1.49757E+03 3.61387E+05 8.33060E-04 2.61635E-03 1.12585E+00 3.65193E-01 1.27687E-03 4.61530E-01 5.79013E-01 1.05086E-01 9.73635E-06 6.67176E-02 1.33582E-05 4.81360E-04
 1.29002E+04 1.49759E+03 3.62196E+05 8.33060E-04 2.75462E-03 1.20241E+00 3.92584E-01 1.33405E-03 4.94074E-01 6.16390E-01 1.11280E-01 1.04323E-05 7.17019E-02 1.44263E-05 5.08392E-04
 1.30002E+04 1.49761E+03 3.62951E+05 8.33060E-04 2.89094E-03 1.27863E+00 4.19849E-01 1.39047E-03 5.26271E-01 6.53601E-01 1.17383E-01 1.11166E-05 7.66608E-02 1.54783E-05 5.35017E-04
 1.31002E+04 1.49763E+03 3.63671E+05 8.33060E-04 3.02520E-03 1.35442E+00 4.46867E-01 1.44593E-03 5.57981E-01 6.90553E-01 1.23366E-01 1.17754E-05 8.14432E-02 1.64785E-05 5.62054E-04
 1.32002E+04 1.49765E+03 3.64367E+05 8.33060E-04 3.15770E-03 1.42991E+00 4.73773E-01 1.50072E-03 5.89358E-01 7.27355E-01 1.29268E-01 1.24298E-05 8.62019E-02 1.74645E-05 5.88710E-04
 1.33002E+04 1.49766E+03 3.65047E+05 8.33060E-04 3.28825E-03 1.50499E+00 5.00441E-01 1.55460E-03 6.20243E-01 7.63903E-01 1.35059E-01 1.30895E-05 9.09833E-02 1.84487E-05 6.14451E-04
 1.34002E+04 1.49768E+03 3.65713E+05 8.33060E-04 3.41720E-03 1.57978E+00 5.27003E-01 1.60786E-03 6.50790E-01 8.00309E-01 1.40775E-01 1.37452E-05 9.57426E-02 1.94199E-05 6.39819E-04
 1.35002E+04 1.49770E+03 3.66366E+05 8.33060E-04 3.54441E-03 1.65422E+00 5.53364E-01 1.66032E-03 6.80880E-01 8.36503E-01 1.46396E-01 1.44064E-05 1.00529E-01 2.03912E-05 6.64316E-04
 1.36002E+04 1.49772E+03 3.67008E+05 8.33060E-04 3.67015E-03 1.72837E+00 5.79624E-01 1.71220E-03 7.10624E-01 8.72560E-01 1.51949E-01 1.50638E-05 1.05294E-01 2.13501E-05 6.88487E-04
 1.37002E+04 1.49773E+03 3.67639E+05 8.33068E-04 3.79423E-03 1.80216E+00 6.05658E-01 1.76331E-03 7.39872E-01 9.08379E-01 1.57404E-01 1.56988E-05 1.09890E-01 2.22620E-05 7.13134E-04
 1.38002E+04 1.49775E+03 3.68257E+05 8.33126E-04 3.91695E-03 1.87567E+00 6.31594E-01 1.81390E-03 7.68765E-01 9.44068E-01 1.62797E-01 1.63305E-05 1.14465E-01 2.31628E-05 7.37478E-04
 1.39002E+04 1.49777E+03 3.68863E+05 8.33232E-04 4.03818E-03 1.94884E+00 6.57345E-01 1.86378E-03 7.97186E-01 9.79556E-01 1.68107E-01 1.69694E-05 1.19077E-01 2.40679E-05 7.60942E-04
 1.40002E+04 1.49778E+03 3.69457E+05 8.33393E-04 4.15814E-03 2.02175E+00 6.83003E-01 1.91318E-03 8.25244E-01 1.01492E+00 1.73359E-01 1.76052E-05 1.23668E-01 2.49628E-05 7.84114E-04
 1.41002E+04 1.49780E+03 3.70038E+05 8.33597E-04 4.27666E-03 2.09431E+00 7.08447E-01 1.96191E-03 8.52794E-01 1.05006E+00 1.78525E-01 1.82333E-05 1.28189E-01 2.58366E-05 8.07119E-04
 1.42002E+04 1.49781E+03 3.70605E+05 8.33852E-04 4.39403E-03 2.16663E+00 7.33800E-01 2.01021E-03 8.79976E-01 1.08508E+00 1.83639E-01 1.88584E-05 1.32690E-01 2.67009E-05 8.29836E-04
 1.43002E+04 1.49783E+03 3.71159E+05 8.34146E-04 4.51010E-03 2.23865E+00 7.58975E-01 2.05789E-03 9.06675E-01 1.11992E+00 1.88680E-01 1.94896E-05 1.37219E-01 2.75683E-05 8.51736E-04
 1.44002E+04 1.49784E+03 3.71699E+05 8.34487E-04 4.62510E-03 2.31043E+00 7.84064E-01 2.10517E-03 9.33003E-01 1.15464E+00 1.93672E-01 2.01180E-05 1.41727E-01 2.84269E-05 8.73310E-04
 1.45002E+04 1.49785E+03 3.72225E+05 8.34864E-04 4.73888E-03 2.38190E+00 8.08984E-01 2.15188E-03 9.58853E-01 1.18918E+00 1.98597E-01 2.07393E-05 1.46173E-01 2.92669E-05 8.94702E-04
 1.46002E+04 1.49787E+03 3.72738E+05 8.35285E-04 4.85169E-03 2.45316E+00 8.33823E-01 2.19822E-03 9.84329E-01 1.22362E+00 2.03477E-01 2.13580E-05 1.50599E-01 3.00988E-05 9.15804E-04
 1.47002E+04 1.49788E+03 3.73236E+05 8.35739E-04 4.96340E-03 2.52415E+00 8.58522E-01 2.24404E-03 1.00936E+00 1.25790E+00 2.08301E-01 2.19845E-05 1.55067E-01 3.09383E-05 9.36095E-04
 1.48002E+04 1.49789E+03 3.73720E+05 8.36234E-04 5.07420E-03 2.59494E+00 8.83144E-01 2.28952E-03 1.03401E+00 1.29208E+00 2.13084E-01 2.26087E-05 1.59517E-01 3.17702E-05 9.56122E-04
 1.49002E+04 1.49790E+03 3.74190E+05 8.36760E-04 5.18399E-03 2.66546E+00 9.07608E-01 2.33451E-03 1.05818E+00 1.32610E+00 2.17805E-01 2.32260E-05 1.63905E-01 3.25847E-05 9.76064E-04
 1.50002E+04 1.49792E+03 3.74647E+05 8.37323E-04 5.29295E-03 2.73579E+00 9.31999E-01 2.37920E-03 1.08198E+00 1.36002E+00 2.22490E-01 2.38410E-05 1.68274E-01 3.33923E-05 9.95816E-04
 1.51002E+04 1.49793E+03 3.75089E+05 8.37914E-04 5.40096E-03 2.80586E+00 9.56259E-01 2.42341E-03 1.10535E+00 1.39381E+00 2.27125E-01 2.44212E-05 1.72398E-01 3.41374E-05 1.01686E-03
 1.52002E+04 1.49794E+03 3.75518E+05 8.38540E-04 5.50820E-03 2.87575E+00 9.80451E-01 2.46736E-03 1.12834E+00 1.42750E+00 2.31726E-01 2.49995E-05 1.76503E-01 3.48768E-05 1.03770E-03
 1.53002E+04 1.49795E+03 3.75934E+05 8.39191E-04 5.61457E-03 2.94540E+00 1.00449E+00 2.51086E-03 1.15087E+00 1.46104E+00 2.36274E-01 2.55836E-05 1.80632E-01 3.56211E-05 1.05789E-03
 1.54002E+04 1.49796E+03 3.76337E+05 8.39874E-04 5.72023E-03 3.01487E+00 1.02847E+00 2.55411E-03 1.17303E+00 1.49449E+00 2.40791E-01 2.61660E-05 1.84744E-01 3.63601E-05 1.07790E-03
 1.55002E+04 1.49797E+03 3.76726E+05 8.40582E-04 5.82506E-03 3.08414E+00 1.05233E+00 2.59696E-03 1.19479E+00 1.52782E+00 2.45263E-01 2.67582E-05 1.88909E-01 3.71111E-05 1.09711E-03
 1.56002E+04 1.49798E+03 3.77103E+05 8.41319E-04 5.92925E-03 3.15324E+00 1.07613E+00 2.63958E-03 1.21626E+00 1.56107E+00 2.49707E-01 2.73488E-05 1.93059E-01 3.78571E-05 1.11616E-03
 1.57002E+04 1.49799E+03 3.77467E+05 8.42079E-04 6.03271E-03 3.22214E+00 1.09981E+00 2.68182E-03 1.23737E+00 1.59421E+00 2.54111E-01 2.79477E-05 1.97252E-01 3.86127E-05 1.13454E-03
 1.58002E+04 1.49800E+03 3.77819E+05 8.42866E-04 6.13557E-03 3.29089E+00 1.12344E+00 2.72386E-03 1.25819E+00 1.62727E+00 2.58488E-01 2.85451E-05 2.01429E-01 3.93634E-05 1.15277E-03
 1.59002E+04 1.49801E+03 3.78160E+05 8.43673E-04 6.23776E-03 3.35946E+00 1.14696E+00 2.76553E-03 1.27866E+00 1.66022E+00 2.62827E-01 2.91378E-05 2.05565E-01 4.01029E-05 1.17092E-03
 1.60002E+04 1.49802E+03 3.78488E+05 8.44507E-04 6.33939E-03 3.42788E+00 1.17043E+00 2.80702E-03 1.29886E+00 1.69310E+00 2.67141E-01 2.97292E-05 2.09686E-01 4.08380E-05 1.18895E-03
 1.61002E+04 1.49803E+03 3.78805E+05 8.45359E-04 6.44039E-03 3.49612E+00 1.19379E+00 2.84819E-03 1.31872E+00 1.72586E+00 2.71420E-01 3.02990E-05 2.13651E-01 4.15341E-05 1.20771E-03
 1.62002E+04 1.49804E+03 3.79112E+05 8.46236E-04 6.54089E-03 3.56422E+00 1.21709E+00 2.88918E-03 1.33832E+00 1.75857E+00 2.75677E-01 3.08676E-05 2.17601E-01 4.22264E-05 1.22634E-03
 1.63002E+04 1.49804E+03 3.79407E+05 8.47129E-04 6.64076E-03 3.63216E+00 1.24030E+00 2.92985E-03 1.35759E+00 1.79117E+00 2.79901E-01 3.14320E-05 2.21512E-01 4.29089E-05 1.24491E-03
 1.64002E+04 1.49805E+03 3.79692E+05 8.48046E-04 6.74017E-03 3.69998E+00 1.26346E+00 2.97037E-03 1.37665E+00 1.82371E+00 2.84105E-01 3.19953E-05 2.25410E-01 4.35881E-05 1.26335E-03
 1.65002E+04 1.49806E+03 3.79967E+05 8.48978E-04 6.83909E-03 3.76765E+00 1.28655E+00 3.01061E-03 1.39552E+00 1.85617E+00 2.88282E-01 3.25687E-05 2.29366E-01 4.42816E-05 1.28107E-03
 1.66002E+04 1.49807E+03 3.80232E+05 8.49931E-04 6.93759E-03 3.83520E+00 1.30960E+00 3.05071E-03 1.41422E+00 1.88859E+00 2.92442E-01 3.31412E-05 2.33311E-01 4.49719E-05 1.29867E-03
 1.67002E+04 1.49807E+03 3.80487E+05 8.50900E-04 7.03554E-03 3.90261E+00 1.33255E+00 3.09051E-03 1.43270E+00 1.92090E+00 2.96570E-01 3.36785E-05 2.37010E-01 4.56020E-05 1.31777E-03
 1.68002E+04 1.49808E+03 3.80733E+05 8.51888E-04 7.13310E-03 3.96990E+00 1.35546E+00 3.13019E-03 1.45103E+00 1.95317E+00 3.00682E-01 3.42149E-05 2.40697E-01 4.62296E-05 1.33674E-03
 1.69002E+04 1.49809E+03 3.80970E+05 8.52890E-04 7.23025E-03 4.03709E+00 1.37830E+00 3.16963E-03 1.46919E+00 1.98536E+00 3.04771E-01 3.47617E-05 2.44444E-01 4.68727E-05 1.35496E-03
 1.70002E+04 1.49809E+03 3.81198E+05 8.53910E-04 7.32703E-03 4.10417E+00 1.40111E+00 3.20894E-03 1.48726E+00 2.01752E+00 3.08844E-01 3.53078E-05 2.48180E-01 4.75135E-05 1.37307E-03
 1.71002E+04 1.49810E+03 3.81418E+05 8.54942E-04 7.42333E-03 4.17112E+00 1.42383E+00 3.24801E-03 1.50524E+00 2.04957E+00 3.12891E-01 3.58773E-05 2.52057E-01 4.81897E-05 1.38985E-03
 1.72002E+04 1.49810E+03 3.81630E+05 8.55992E-04 7.51930E-03 4.23797E+00 1.44651E+00 3.28697E-03 1.52320E+00 2.08159E+00 3.16924E-01 3.64460E-05 2.55924E-01 4.88635E-05 1.40653E-03
 1.73002E+04 1.49811E+03 3.81834E+05 8.57053E-04 7.61491E-03 4.30471E+00 1.46914E+00 3.32570E-03 1.54112E+00 2.11354E+00 3.20936E-01 3.69685E-05 2.59479E-01 4.94601E-05 1.42531E-03
 1.74002E+04 1.49811E+03 3.82030E+05 8.58131E-04 7.71022E-03 4.37137E+00 1.49173E+00 3.36433E-03 1.55902E+00 2.14545E+00 3.24937E-01 3.74904E-05 2.63024E-01 5.00551E-05 1.44399E-03
 1.75002E+04 1.49812E+03 3.82218E+05 8.59218E-04 7.80516E-03 4.43793E+00 1.51427E+00 3.40274E-03 1.57688E+00 2.17730E+00 3.28919E-01 3.80344E-05 2.66705E-01 5.06847E-05 1.46134E-03
 1.76002E+04 1.49812E+03 3.82400E+05 8.60322E-04 7.89982E-03 4.50442E+00 1.53677E+00 3.44107E-03 1.59473E+00 2.20912E+00 3.32891E-01 3.85778E-05 2.70377E-01 5.13126E-05 1.47859E-03
 1.77002E+04 1.49813E+03 3.82574E+05 8.61435E-04 7.99415E-03 4.57080E+00 1.55922E+00 3.47920E-03 1.61254E+00 2.24088E+00 3.36844E-01 3.91178E-05 2.74020E-01 5.19337E-05 1.49584E-03
 1.78002E+04 1.49813E+03 3.82742E+05 8.62563E-04 8.08821E-03 4.63711E+00 1.58164E+00 3.51725E-03 1.63035E+00 2.27260E+00 3.40787E-01 3.96572E-05 2.77654E-01 5.25531E-05 1.51301E-03
 1.79002E+04 1.49814E+03 3.82904E+05 8.63699E-04 8.18200E-03 4.70333E+00 1.60400E+00 3.55511E-03 1.64813E+00 2.30427E+00 3.44712E-01 4.01777E-05 2.81156E-01 5.31405E-05 1.53097E-03
 1.80002E+04 1.49814E+03 3.83059E+05 8.64850E-04 8.27554E-03 4.76949E+00 1.62634E+00 3.59289E-03 1.66590E+00 2.33592E+00 3.48629E-01 4.06977E-05 2.84651E-01 5.37267E-05 1.54884E-03
 1.81002E+04 1.49815E+03 3.83208E+05 8.66008E-04 8.36878E-03 4.83556E+00 1.64863E+00 3.63049E-03 1.68365E+00 2.36750E+00 3.52529E-01 4.12285E-05 2.88206E-01 5.43290E-05 1.56599E-03
 1.82002E+04 1.49815E+03 3.83352E+05 8.67179E-04 8.46181E-03 4.90157E+00 1.67090E+00 3.66803E-03 1.70140E+00 2.39905E+00 3.56420E-01 4.17588E-05 2.91755E-01 5.49303E-05 1.58306E-03
 1.83002E+04 1.49815E+03 3.83489E+05 8.68357E-04 8.55456E-03 4.96750E+00 1.69312E+00 3.70538E-03 1.71913E+00 2.43056E+00 3.60296E-01 4.22974E-05 2.95350E-01 5.55436E-05 1.59956E-03
 1.84002E+04 1.49816E+03 3.83622E+05 8.69547E-04 8.64710E-03 5.03338E+00 1.71532E+00 3.74269E-03 1.73686E+00 2.46204E+00 3.64164E-01 4.28357E-05 2.98939E-01 5.61556E-05 1.61599E-03
 1.85002E+04 1.49816E+03 3.83749E+05 8.70744E-04 8.73946E-03 5.09920E+00 1.73749E+00 3.77983E-03 1.75460E+00 2.49349E+00 3.68025E-01 4.33437E-05 3.02326E-01 5.67184E-05 1.63384E-03
 1.86002E+04 1.49816E+03 3.83872E+05 8.71953E-04 8.83162E-03 5.16497E+00 1.75965E+00 3.81692E-03 1.77235E+00 2.52492E+00 3.71878E-01 4.38514E-05 3.05705E-01 5.72804E-05 1.65162E-03
 1.87002E+04 1.49817E+03 3.83989E+05 8.73168E-04 8.92357E-03 5.23066E+00 1.78176E+00 3.85385E-03 1.79008E+00 2.55630E+00 3.75719E-01 4.43675E-05 3.09133E-01 5.78553E-05 1.66879E-03
 1.88002E+04 1.49817E+03 3.84102E+05 8.74394E-04 9.01535E-03 5.29631E+00 1.80385E+00 3.89073E-03 1.80782E+00 2.58767E+00 3.79553E-01 4.48833E-05 3.12555E-01 5.84295E-05 1.68588E-03
 1.89002E+04 1.49817E+03 3.84211E+05 8.75625E-04 9.10690E-03 5.36189E+00 1.82590E+00 3.92745E-03 1.82556E+00 2.61898E+00 3.83374E-01 4.54212E-05 3.16115E-01 5.90385E-05 1.70172E-03
 1.90002E+04 1.49818E+03 3.84315E+05 8.76866E-04 9.19829E-03 5.42743E+00 1.84793E+00 3.96414E-03 1.84331E+00 2.65028E+00 3.87189E-01 4.59589E-05 3.19670E-01 5.96465E-05 1.71750E-03
 1.91002E+04 1.49818E+03 3.84416E+05 8.78113E-04 9.28953E-03 5.49291E+00 1.86994E+00 4.00069E-03 1.86110E+00 2.68156E+00 3.90998E-01 4.64667E-05 3.23026E-01 6.02058E-05 1.73470E-03
 1.92002E+04 1.49818E+03 3.84512E+05 8.79369E-04 9.38062E-03 5.55835E+00 1.89194E+00 4.03721E-03 1.87890E+00 2.71282E+00 3.94802E-01 4.69741E-05 3.26377E-01 6.07645E-05 1.75183E-03
 1.93002E+04 1.49818E+03 3.84604E+05 8.80630E-04 9.47150E-03 5.62373E+00 1.91389E+00 4.07358E-03 1.89670E+00 2.74404E+00 3.98593E-01 4.74901E-05 3.29775E-01 6.13361E-05 1.76838E-03
 1.94002E+04 1.49819E+03 3.84693E+05 8.81900E-04 9.56225E-03 5.68908E+00 1.93584E+00 4.10992E-03 1.91451E+00 2.77524E+00 4.02379E-01 4.80060E-05 3.33169E-01 6.19073E-05 1.78488E-03
 1.95002E+04 1.49819E+03 3.84778E+05 8.83174E-04 9.65287E-03 5.75440E+00 1.95776E+00 4.14613E-03 1.93236E+00 2.80643E+00 4.06161E-01 4.85325E-05 3.36630E-01 6.24955E-05 1.80071E-03
 1.96002E+04 1.49819E+03 3.84860E+05 8.84456E-04 9.74337E-03 5.81967E+00 1.97968E+00 4.18231E-03 1.95022E+00 2.83759E+00 4.09938E-01 4.90588E-05 3.40087E-01 6.30832E-05 1.81650E-03
 1.97002E+04 1.49819E+03 3.84938E+05 8.85742E-04 9.83371E-03 5.88489E+00 2.00155E+00 4.21835E-03 1.96808E+00 2.86873E+00 4.13703E-01 4.95668E-05 3.43419E-01 6.36402E-05 1.83312E-03
 1.98002E+04 1.49820E+03 3.85014E+05 8.87036E-04 9.92394E-03 5.95007E+00 2.02341E+00 4.25436E-03 1.98596E+00 2.89984E+00 4.17464E-01 5.00745E-05 3.46746E-01 6.41969E-05 1.84968E-03
 1.99002E+04 1.49820E+03 3.85086E+05 8.88334E-04 1.00141E-02 6.01522E+00 2.04527E+00 4.29027E-03 2.00386E+00 2.93094E+00 4.21221E-01 5.05908E-05 3.50125E-01 6.47672E-05 1.86569E-03
 2.00002E+04 1.49820E+03 3.85156E+05 8.89640E-04 1.01041E-02 6.08035E+00 2.06710E+00 4.32615E-03 2.02179E+00 2.96202E+00 4.24975E-01 5.11069E-05 3.53501E-01 6.53372E-05 1.88166E-03
 2.01002E+04 1.49820E+03 3.85223E+05 8.90948E-04 1.01939E-02 6.14543E+00 2.08891E+00 4.36190E-03 2.03971E+00 2.99307E+00 4.28718E-01 5.16337E-05 3.56941E-01 6.59237E-05 1.89698E-03
 2.02002E+04 1.49820E+03 3.85287E+05 8.92263E-04 1.02837E-02 6.21048E+00 2.11070E+00 4.39764E-03 2.05766E+00 3.02410E+00 4.32457E-01 5.21604E-05 3.60378E-01 6.65097E-05 1.91226E-03
 2.03002E+04 1.49820E+03 3.85348E+05 8.93581E-04 1.03733E-02 6.27550E+00 2.13248E+00 4.43325E-03 2.07564E+00 3.05512E+00 4.36193E-01 5.26539E-05 3.63597E-01 6.70418E-05 1.92919E-03
 2.04002E+04 1.49821E+03 3.85407E+05 8.94906E-04 1.04629E-02 6.34051E+00 2.15425E+00 4.46885E-03 2.09364E+00 3.08613E+00 4.39926E-01 5.31471E-05 3.66811E-01 6.75738E-05 1.94607E-03
 2.05002E+04 1.49821E+03 3.85464E+05 8.96233E-04 1.05524E-02 6.40548E+00 2.17601E+00 4.50435E-03 2.11166E+00 3.11713E+00 4.43656E-01 5.36639E-05 3.70176E-01 6.81441E-05 1.96158E-03
 2.06002E+04 1.49821E+03 3.85518E+05 8.97566E-04 1.06418E-02 6.47044E+00 2.19776E+00 4.53984E-03 2.12971E+00 3.14812E+00 4.47383E-01 5.41807E-05 3.73539E-01 6.87142E-05 1.97706E-03
 2.07002E+04 1.49821E+03 3.85570E+05 8.98902E-04 1.07310E-02 6.53534E+00 2.21948E+00 4.57520E-03 2.14776E+00 3.17908E+00 4.51100E-01 5.46667E-05 3.76695E-01 6.92337E-05 1.99411E-03
 2.08002E+04 1.49821E+03 3.85620E+05 9.00243E-04 1.08202E-02 6.60022E+00 2.24119E+00 4.61056E-03 2.16582E+00 3.21003E+00 4.54814E-01 5.51527E-05 3.79848E-01 6.97532E-05 2.01111E-03
 2.09002E+04 1.49821E+03 3.85668E+05 9.01587E-04 1.09093E-02 6.66508E+00 2.26289E+00 4.64581E-03 2.18391E+00 3.24096E+00 4.58526E-01 5.56471E-05 3.83054E-01 7.02869E-05 2.02752E-03
 2.10002E+04 1.49821E+03 3.85714E+05 9.02936E-04 1.09984E-02 6.72992E+00 2.28459E+00 4.68106E-03 2.20203E+00 3.27189E+00 4.62236E-01 5.61416E-05 3.86259E-01 7.08209E-05 2.04388E-03
 2.11002E+04 1.49822E+03 3.85758E+05 9.04286E-04 1.10873E-02 6.79475E+00 2.30628E+00 4.71621E-03 2.22017E+00 3.30281E+00 4.65943E-01 5.66583E-05 3.89605E-01 7.13907E-05 2.05898E-03
 2.12002E+04 1.49822E+03 3.85801E+05 9.05642E-04 1.11762E-02 6.85955E+00 2.32795E+00 4.75134E-03 2.23833E+00 3.33372E+00 4.69648E-01 5.71750E-05 3.92950E-01 7.19603E-05 2.07405E-03
 2.13002E+04 1.49822E+03 3.85842E+05 9.06998E-04 1.12650E-02 6.92432E+00 2.34960E+00 4.78636E-03 2.25649E+00 3.36460E+00 4.73344E-01 5.76622E-05 3.96098E-01 7.24817E-05 2.09060E-03
 2.14002E+04 1.49822E+03 3.85880E+05 9.08360E-04 1.13537E-02 6.98908E+00 2.37124E+00 4.82138E-03 2.27468E+00 3.39548E+00 4.77038E-01 5.81494E-05 3.99243E-01 7.30030E-05 2.10712E-03
 2.15002E+04 1.49822E+03 3.85918E+05 9.09723E-04 1.14424E-02 7.05382E+00 2.39288E+00 4.85630E-03 2.29288E+00 3.42635E+00 4.80731E-01 5.86450E-05 4.02442E-01 7.35385E-05 2.12307E-03
 2.16002E+04 1.49822E+03 3.85954E+05 9.11091E-04 1.15310E-02 7.11855E+00 2.41451E+00 4.89123E-03 2.31112E+00 3.45721E+00 4.84421E-01 5.91407E-05 4.05640E-01 7.40741E-05 2.13898E-03
 2.17002E+04 1.49822E+03 3.85988E+05 9.12459E-04 1.16195E-02 7.18326E+00 2.43613E+00 4.92605E-03 2.32936E+00 3.48806E+00 4.88110E-01 5.96586E-05 4.08980E-01 7.46456E-05 2.15366E-03
 2.18002E+04 1.49822E+03 3.86021E+05 9.13833E-04 1.17080E-02 7.24795E+00 2.45774E+00 4.96087E-03 2.34763E+00 3.51890E+00 4.91797E-01 6.01764E-05 4.12319E-01 7.52169E-05 2.16831E-03
 2.19002E+04 1.49822E+03 3.86053E+05 9.15207E-04 1.17965E-02 7.31264E+00 2.47936E+00 4.99561E-03 2.36593E+00 3.54974E+00 4.95482E-01 6.06500E-05 4.15369E-01 7.57168E-05 2.18529E-03
 2.20002E+04 1.49822E+03 3.86083E+05 9.16585E-04 1.18849E-02 7.37731E+00 2.50096E+00 5.03034E-03 2.38426E+00 3.58058E+00 4.99166E-01 6.11235E-05 4.18416E-01 7.62169E-05 2.20224E-03
 2.21002E+04 1.49823E+03 3.86112E+05 9.17964E-04 1.19733E-02 7.44197E+00 2.52256E+00 5.06498E-03 2.40260E+00 3.61141E+00 5.02849E-01 6.16206E-05 4.21615E-01 7.67555E-05 2.21777E-03
 2.22002E+04 1.49823E+03 3.86141E+05 9.19346E-04 1.20616E-02 7.50661E+00 2.54416E+00 5.09962E-03 2.42096E+00 3.64223E+00 5.06530E-01 6.21177E-05 4.24813E-01 7.72943E-05 2.23327E-03
 2.23002E+04 1.49823E+03 3.86168E+05 9.20728E-04 1.21498E-02 7.57122E+00 2.56573E+00 5.13415E-03 2.43931E+00 3.67302E+00 5.10203E-01 6.25956E-05 4.27880E-01 7.78013E-05 2.24976E-03
 2.24002E+04 1.49823E+03 3.86193E+05 9.22115E-04 1.22380E-02 7.63581E+00 2.58729E+00 5.16868E-03 2.45769E+00 3.70380E+00 5.13875E-01 6.30734E-05 4.30946E-01 7.83087E-05 2.26622E-03
 2.25002E+04 1.49823E+03 3.86218E+05 9.23501E-04 1.23261E-02 7.70040E+00 2.60885E+00 5.20313E-03 2.47608E+00 3.73458E+00 5.17545E-01 6.35486E-05 4.33992E-01 7.88122E-05 2.28275E-03
 2.26002E+04 1.49823E+03 3.86242E+05 9.24891E-04 1.24142E-02 7.76497E+00 2.63040E+00 5.23759E-03 2.49449E+00 3.76536E+00 5.21214E-01 6.40238E-05 4.37038E-01 7.93161E-05 2.29924E-03
 2.27002E+04 1.49823E+03 3.86264E+05 9.26281E-04 1.25023E-02 7.82953E+00 2.65195E+00 5.27195E-03 2.51291E+00 3.79613E+00 5.24883E-01 6.45212E-05 4.40225E-01 7.98561E-05 2.31440E-03
 2.28002E+04 1.49823E+03 3.86286E+05 9.27674E-04 1.25903E-02 7.89409E+00 2.67350E+00 5.30632E-03 2.53134E+00 3.82689E+00 5.28550E-01 6.50188E-05 4.43413E-01 8.03963E-05 2.32955E-03
 2.29002E+04 1.49823E+03 3.86307E+05 9.29067E-04 1.26783E-02 7.95863E+00 2.69505E+00 5.34060E-03 2.54980E+00 3.85766E+00 5.32217E-01 6.54848E-05 4.46395E-01 8.08858E-05 2.34641E-03
 2.30002E+04 1.49823E+03 3.86327E+05 9.30463E-04 1.27663E-02 8.02317E+00 2.71659E+00 5.37490E-03 2.56827E+00 3.88841E+00 5.35882E-01 6.59508E-05 4.49374E-01 8.13758E-05 2.36323E-03
 2.31002E+04 1.49823E+03 3.86346E+05 9.31859E-04 1.28542E-02 8.08770E+00 2.73813E+00 5.40910E-03 2.58676E+00 3.91917E+00 5.39547E-01 6.64390E-05 4.52498E-01 8.19020E-05 2.37869E-03
 2.32002E+04 1.49823E+03 3.86364E+05 9.33258E-04 1.29421E-02 8.15222E+00 2.75967E+00 5.44331E-03 2.60526E+00 3.94992E+00 5.43210E-01 6.69274E-05 4.55621E-01 8.24285E-05 2.39413E-03
 2.33002E+04 1.49823E+03 3.86382E+05 9.34656E-04 1.30300E-02 8.21674E+00 2.78121E+00 5.47744E-03 2.62377E+00 3.98066E+00 5.46873E-01 6.73852E-05 4.58544E-01 8.29061E-05 2.41126E-03
 2.34002E+04 1.49823E+03 3.86399E+05 9.36058E-04 1.31178E-02 8.28124E+00 2.80274E+00 5.51157E-03 2.64230E+00 4.01141E+00 5.50535E-01 6.78429E-05 4.61466E-01 8.33843E-05 2.42837E-03
 2.35002E+04 1.49823E+03 3.86415E+05 9.37458E-04 1.32057E-02 8.34575E+00 2.82427E+00 5.54562E-03 2.66084E+00 4.04215E+00 5.54196E-01 6.83095E-05 4.64442E-01 8.38770E-05 2.44486E-03
 2.36002E+04 1.49823E+03 3.86430E+05 9.38861E-04 1.32935E-02 8.41024E+00 2.84580E+00 5.57968E-03 2.67939E+00 4.07289E+00 5.57857E-01 6.87762E-05 4.67417E-01 8.43703E-05 2.46131E-03
 2.37002E+04 1.49824E+03 3.86445E+05 9.40264E-04 1.33813E-02 8.47473E+00 2.86732E+00 5.61364E-03 2.69795E+00 4.10362E+00 5.61517E-01 6.92650E-05 4.70537E-01 8.48997E-05 2.47642E-03
 2.38002E+04 1.49824E+03 3.86460E+05 9.41669E-04 1.34690E-02 8.53921E+00 2.88885E+00 5.64762E-03 2.71652E+00 4.13435E+00 5.65176E-01 6.97538E-05 4.73656E-01 8.54294E-05 2.49151E-03
 2.39002E+04 1.49824E+03 3.86473E+05 9.43073E-04 1.35567E-02 8.60365E+00 2.91034E+00 5.68150E-03 2.73508E+00 4.16506E+00 5.68828E-01 7.02122E-05 4.76572E-01 8.59093E-05 2.50830E-03
 2.40002E+04 1.49824E+03 3.86486E+05 9.44479E-04 1.36443E-02 8.66809E+00 2.93183E+00 5.71540E-03 2.75364E+00 4.19576E+00 5.72479E-01 7.06706E-05 4.79486E-01 8.63897E-05 2.52507E-03
 2.41002E+04 1.49824E+03 3.86499E+05 9.45884E-04 1.37320E-02 8.73253E+00 2.95332E+00 5.74921E-03 2.77222E+00 4.22647E+00 5.76130E-01 7.11389E-05 4.82465E-01 8.68868E-05 2.54116E-03
 2.42002E+04 1.49824E+03 3.86511E+05 9.47291E-04 1.38196E-02 8.79696E+00 2.97481E+00 5.78303E-03 2.79081E+00 4.25717E+00 5.79780E-01 7.16074E-05 4.85443E-01 8.73844E-05 2.55721E-03
 2.43002E+04 1.49824E+03 3.86523E+05 9.48697E-04 1.39072E-02 8.86138E+00 2.99630E+00 5.81678E-03 2.80940E+00 4.28787E+00 5.83429E-01 7.20980E-05 4.88564E-01 8.79180E-05 2.57194E-03
 2.44002E+04 1.49824E+03 3.86534E+05 9.50105E-04 1.39947E-02 8.92580E+00 3.01778E+00 5.85053E-03 2.82800E+00 4.31856E+00 5.87079E-01 7.25886E-05 4.91686E-01 8.84516E-05 2.58665E-03
 2.45002E+04 1.49824E+03 3.86544E+05 9.51512E-04 1.40823E-02 8.99022E+00 3.03926E+00 5.88420E-03 2.84661E+00 4.34925E+00 5.90728E-01 7.30601E-05 4.94682E-01 8.89544E-05 2.60239E-03
 2.46002E+04 1.49824E+03 3.86555E+05 9.52922E-04 1.41699E-02 9.05463E+00 3.06075E+00 5.91788E-03 2.86523E+00 4.37995E+00 5.94376E-01 7.35316E-05 4.97676E-01 8.94574E-05 2.61811E-03
 2.47002E+04 1.49824E+03 3.86565E+05 9.54329E-04 1.42574E-02 9.11904E+00 3.08222E+00 5.95149E-03 2.88387E+00 4.41064E+00 5.98024E-01 7.40004E-05 5.00653E-01 8.99565E-05 2.63391E-03
 2.48002E+04 1.49824E+03 3.86574E+05 9.55739E-04 1.43449E-02 9.18344E+00 3.10370E+00 5.98511E-03 2.90250E+00 4.44132E+00 6.01672E-01 7.44692E-05 5.03629E-01 9.04560E-05 2.64970E-03
 2.49002E+04 1.49824E+03 3.86583E+05 9.57148E-04 1.44324E-02 9.24784E+00 3.12518E+00 6.01865E-03 2.92115E+00 4.47201E+00 6.05318E-01 7.49189E-05 5.06480E-01 9.09249E-05 2.66658E-03
 2.50002E+04 1.49824E+03 3.86591E+05 9.58559E-04 1.45199E-02 9.31224E+00 3.14665E+00 6.05219E-03 2.93981E+00 4.50269E+00 6.08963E-01 7.53687E-05 5.09330E-01 9.13945E-05 2.68344E-03
 2.51002E+04 1.49824E+03 3.86600E+05 9.59968E-04 1.46074E-02 9.37663E+00 3.16813E+00 6.08565E-03 2.95847E+00 4.53338E+00 6.12608E-01 7.58285E-05 5.12244E-01 9.18808E-05 2.69959E-03
 2.52002E+04 1.49824E+03 3.86608E+05 9.61379E-04 1.46948E-02 9.44102E+00 3.18961E+00 6.11913E-03 2.97714E+00 4.56406E+00 6.16253E-01 7.62884E-05 5.15158E-01 9.23677E-05 2.71572E-03
 2.53002E+04 1.49824E+03 3.86616E+05 9.62787E-04 1.47823E-02 9.50540E+00 3.21108E+00 6.15253E-03 2.99581E+00 4.59473E+00 6.19898E-01 7.67592E-05 5.18142E-01 9.28724E-05 2.73114E-03
 2.54002E+04 1.49824E+03 3.86623E+05 9.64198E-04 1.48697E-02 9.56979E+00 3.23256E+00 6.18595E-03 3.01449E+00 4.62540E+00 6.23543E-01 7.72300E-05 5.21125E-01 9.33775E-05 2.74654E-03
 2.55002E+04 1.49824E+03 3.86630E+05 9.65608E-04 1.49571E-02 9.63417E+00 3.25403E+00 6.21928E-03 3.03318E+00 4.65607E+00 6.27187E-01 7.76817E-05 5.23984E-01 9.38521E-05 2.76303E-03
 2.56002E+04 1.49824E+03 3.86636E+05 9.67019E-04 1.50445E-02 9.69854E+00 3.27550E+00 6.25262E-03 3.05187E+00 4.68674E+00 6.30831E-01 7.81335E-05 5.26842E-01 9.43271E-05 2.77949E-03
 2.57002E+04 1.49824E+03 3.86643E+05 9.68428E-04 1.51319E-02 9.76292E+00 3.29698E+00 6.28588E-03 3.07058E+00 4.71741E+00 6.34474E-01 7.85938E-05 5.29756E-01 9.48165E-05 2.79536E-03
 2.58002E+04 1.49824E+03 3.86649E+05 9.69839E-04 1.52193E-02 9.82729E+00 3.31845E+00 6.31916E-03 3.08928E+00 4.74807E+00 6.38118E-01 7.90542E-05 5.32669E-01 9.53064E-05 2.81120E-03
 2.59002E+04 1.49824E+03 3.86655E+05 9.71248E-04 1.53067E-02 9.89166E+00 3.33991E+00 6.35236E-03 3.10799E+00 4.77874E+00 6.41761E-01 7.94956E-05 5.35457E-01 9.57659E-05 2.82816E-03
 2.60002E+04 1.49824E+03 3.86660E+05 9.72659E-04 1.53941E-02 9.95602E+00 3.36138E+00 6.38558E-03 3.12671E+00 4.80940E+00 6.45404E-01 7.99370E-05 5.38244E-01 9.62261E-05 2.84510E-03
 2.61002E+04 1.49824E+03 3.86666E+05 9.74068E-04 1.54814E-02 1.00204E+01 3.38285E+00 6.41871E-03 3.14543E+00 4.84007E+00 6.49047E-01 8.03894E-05 5.41102E-01 9.67044E-05 2.86127E-03
 2.62002E+04 1.49824E+03 3.86671E+05 9.75478E-04 1.55688E-02 1.00848E+01 3.40432E+00 6.45186E-03 3.16415E+00 4.87073E+00 6.52690E-01 8.08419E-05 5.43959E-01 9.71833E-05 2.87742E-03
 2.63002E+04 1.49824E+03 3.86676E+05 9.76886E-04 1.56561E-02 1.01491E+01 3.42578E+00 6.48494E-03 3.18288E+00 4.90139E+00 6.56332E-01 8.13043E-05 5.46880E-01 9.76785E-05 2.89289E-03
 2.64002E+04 1.49824E+03 3.86681E+05 9.78296E-04 1.57435E-02 1.02135E+01 3.44725E+00 6.51803E-03 3.20162E+00 4.93205E+00 6.59974E-01 8.17668E-05 5.49802E-01 9.81740E-05 2.90835E-03
 2.65002E+04 1.49824E+03 3.86685E+05 9.79703E-04 1.58308E-02 1.02778E+01 3.46871E+00 6.55105E-03 3.22035E+00 4.96271E+00 6.63616E-01 8.22102E-05 5.52598E-01 9.86390E-05 2.92493E-03
 2.66002E+04 1.49824E+03 3.86690E+05 9.81113E-04 1.59181E-02 1.03422E+01 3.49017E+00 6.58407E-03 3.23910E+00 4.99336E+00 6.67258E-01 8.26537E-05 5.55394E-01 9.91046E-05 2.94149E-03
 2.67002E+04 1.49824E+03 3.86694E+05 9.82520E-04 1.60054E-02 1.04065E+01 3.51163E+00 6.61701E-03 3.25785E+00 5.02402E+00 6.70900E-01 8.30946E-05 5.58172E-01 9.95663E-05 2.95814E-03
 2.68002E+04 1.49824E+03 3.86698E+05 9.83928E-04 1.60927E-02 1.04709E+01 3.53310E+00 6.64997E-03 3.27660E+00 5.05468E+00 6.74542E-01 8.35355E-05 5.60950E-01 1.00029E-04 2.97477E-03
 2.69002E+04 1.49824E+03 3.86702E+05 9.85334E-04 1.61800E-02 1.05352E+01 3.55456E+00 6.68286E-03 3.29535E+00 5.08533E+00 6.78183E-01 8.39986E-05 5.63872E-01 1.00527E-04 2.98996E-03
 2.70002E+04 1.49824E+03 3.86706E+05 9.86741E-04 1.62672E-02 1.05996E+01 3.57602E+00 6.71577E-03 3.31411E+00 5.11599E+00 6.81825E-01 8.44618E-05 5.66794E-01 1.01026E-04 3.00513E-03
 2.71002E+04 1.49824E+03 3.86709E+05 9.88146E-04 1.63545E-02 1.06639E+01 3.59748E+00 6.74859E-03 3.33287E+00 5.14664E+00 6.85465E-01 8.49058E-05 5.69591E-01 1.01495E-04 3.02142E-03
 2.72002E+04 1.49824E+03 3.86713E+05 9.89552E-04 1.64418E-02 1.07283E+01 3.61895E+00 6.78143E-03 3.35164E+00 5.17730E+00 6.89104E-01 8.53498E-05 5.72387E-01 1.01963E-04 3.03769E-03
 2.73002E+04 1.49824E+03 3.86716E+05 9.90956E-04 1.65290E-02 1.07926E+01 3.64041E+00 6.81418E-03 3.37041E+00 5.20795E+00 6.92744E-01 8.58024E-05 5.75239E-01 1.02446E-04 3.05336E-03
 2.74002E+04 1.49824E+03 3.86719E+05 9.92362E-04 1.66162E-02 1.08570E+01 3.66187E+00 6.84695E-03 3.38918E+00 5.23860E+00 6.96384E-01 8.62552E-05 5.78091E-01 1.02930E-04 3.06902E-03
 2.75002E+04 1.49824E+03 3.86722E+05 9.93764E-04 1.67035E-02 1.09213E+01 3.68334E+00 6.87966E-03 3.40796E+00 5.26925E+00 7.00023E-01 8.66790E-05 5.80754E-01 1.03367E-04 3.08651E-03
 2.76002E+04 1.49824E+03 3.86725E+05 9.95169E-04 1.67907E-02 1.09856E+01 3.70480E+00 6.91238E-03 3.42674E+00 5.29990E+00 7.03662E-01 8.71028E-05 5.83415E-01 1.03805E-04 3.10397E-03
 2.77002E+04 1.49824E+03 3.86728E+05 9.96570E-04 1.68779E-02 1.10500E+01 3.72626E+00 6.94502E-03 3.44552E+00 5.33056E+00 7.07302E-01 8.75488E-05 5.86221E-01 1.04279E-04 3.11988E-03
 2.78002E+04 1.49824E+03 3.86731E+05 9.97973E-04 1.69652E-02 1.11143E+01 3.74772E+00 6.97767E-03 3.46430E+00 5.36121E+00 7.10941E-01 8.79950E-05 5.89026E-01 1.04753E-04 3.13578E-03
 2.79002E+04 1.49824E+03 3.86733E+05 9.99373E-04 1.70524E-02 1.11787E+01 3.76918E+00 7.01024E-03 3.48308E+00 5.39186E+00 7.14580E-01 8.84497E-05 5.91888E-01 1.05242E-04 3.15107E-03
 2.80002E+04 1.49824E+03 3.86736E+05 1.00078E-03 1.71396E-02 1.12430E+01 3.79064E+00 7.04283E-03 3.50187E+00 5.42250E+00 7.18219E-01 8.89044E-05 5.94749E-01 1.05732E-04 3.16636E-03
 2.81002E+04 1.49824E+03 3.86738E+05 1.00217E-03 1.72268E-02 1.13073E+01 3.81210E+00 7.07535E-03 3.52067E+00 5.45315E+00 7.21858E-01 8.93288E-05 5.97413E-01 1.06172E-04 3.18356E-03
 2.82002E+04 1.49824E+03 3.86740E+05 1.00357E-03 1.73140E-02 1.13717E+01 3.83356E+00 7.10789E-03 3.53946E+00 5.48380E+00 7.25497E-01 8.97532E-05 6.00075E-01 1.06613E-04 3.20074E-03
 2.83002E+04 1.49824E+03 3.86743E+05 1.00497E-03 1.74012E-02 1.14360E+01 3.85502E+00 7.14035E-03 3.55826E+00 5.51445E+00 7.29136E-01 9.01863E-05 6.02793E-01 1.07069E-04 3.21725E-03
 2.84002E+04 1.49824E+03 3.86744E+05 1.00637E-03 1.74884E-02 1.15003E+01 3.87648E+00 7.17282E-03 3.57705E+00 5.54510E+00 7.32775E-01 9.06195E-05 6.05511E-01 1.07525E-04 3.23374E-03
 2.85002E+04 1.49824E+03 3.86746E+05 1.00777E-03 1.75756E-02 1.15646E+01 3.89794E+00 7.20521E-03 3.59585E+00 5.57574E+00 7.36413E-01 9.10338E-05 6.08105E-01 1.07951E-04 3.25147E-03
 2.86002E+04 1.49824E+03 3.86748E+05 1.00916E-03 1.76628E-02 1.16290E+01 3.91940E+00 7.23762E-03 3.61466E+00 5.60639E+00 7.40052E-01 9.14481E-05 6.10698E-01 1.08378E-04 3.26918E-03
 2.87002E+04 1.49824E+03 3.86750E+05 1.01056E-03 1.77500E-02 1.16933E+01 3.94085E+00 7.26995E-03 3.63346E+00 5.63704E+00 7.43691E-01 9.18846E-05 6.13434E-01 1.08841E-04 3.28528E-03
 2.88002E+04 1.49824E+03 3.86752E+05 1.01195E-03 1.78372E-02 1.17576E+01 3.96231E+00 7.30230E-03 3.65227E+00 5.66768E+00 7.47329E-01 9.23213E-05 6.16170E-01 1.09305E-04 3.30136E-03
 2.89002E+04 1.49824E+03 3.86753E+05 1.01335E-03 1.79244E-02 1.18220E+01 3.98377E+00 7.33458E-03 3.67108E+00 5.69832E+00 7.50968E-01 9.27567E-05 6.18898E-01 1.09767E-04 3.31747E-03
 2.90002E+04 1.49824E+03 3.86755E+05 1.01474E-03 1.80116E-02 1.18863E+01 4.00524E+00 7.36688E-03 3.68989E+00 5.72896E+00 7.54606E-01 9.31920E-05 6.21626E-01 1.10229E-04 3.33356E-03
 2.91002E+04 1.49824E+03 3.86756E+05 1.01613E-03 1.80988E-02 1.19506E+01 4.02670E+00 7.39909E-03 3.70870E+00 5.75960E+00 7.58245E-01 9.36083E-05 6.24229E-01 1.10661E-04 3.35089E-03
 2.92002E+04 1.49824E+03 3.86758E+05 1.01752E-03 1.81859E-02 1.20149E+01 4.04816E+00 7.43133E-03 3.72752E+00 5.79024E+00 7.61883E-01 9.40247E-05 6.26831E-01 1.11094E-04 3.36819E-03
 2.93002E+04 1.49824E+03 3.86759E+05 1.01891E-03 1.82731E-02 1.20793E+01 4.06962E+00 7.46348E-03 3.74633E+00 5.82087E+00 7.65522E-01 9.44632E-05 6.29576E-01 1.11563E-04 3.38392E-03
 2.94002E+04 1.49824E+03 3.86761E+05 1.02030E-03 1.83603E-02 1.21436E+01 4.09108E+00 7.49565E-03 3.76515E+00 5.85151E+00 7.69160E-01 9.49019E-05 6.32323E-01 1.12033E-04 3.39963E-03
 2.95002E+04 1.49824E+03 3.86762E+05 1.02169E-03 1.84475E-02 1.22079E+01 4.11254E+00 7.52774E-03 3.78397E+00 5.88215E+00 7.72797E-01 9.52968E-05 6.34784E-01 1.12432E-04 3.41839E-03
 2.96002E+04 1.49824E+03 3.86763E+05 1.02308E-03 1.85346E-02 1.22722E+01 4.13400E+00 7.55985E-03 3.80280E+00 5.91278E+00 7.76434E-01 9.56917E-05 6.37243E-01 1.12832E-04 3.43712E-03
 2.97002E+04 1.49824E+03 3.86764E+05 1.02447E-03 1.86218E-02 1.23366E+01 4.15546E+00 7.59188E-03 3.82162E+00 5.94342E+00 7.80071E-01 9.61088E-05 6.39846E-01 1.13268E-04 3.45411E-03
 2.98002E+04 1.49824E+03 3.86766E+05 1.02585E-03 1.87089E-02 1.24009E+01 4.17692E+00 7.62393E-03 3.84045E+00 5.97406E+00 7.83708E-01 9.65261E-05 6.42450E-01 1.13705E-04 3.47107E-03
 2.99002E+04 1.49824E+03 3.86767E+05 1.02724E-03 1.87960E-02 1.24652E+01 4.19839E+00 7.65589E-03 3.85927E+00 6.00469E+00 7.87344E-01 9.69655E-05 6.45197E-01 1.14179E-04 3.48647E-03
 3.00002E+04 1.49824E+03 3.86768E+05 1.02862E-03 1.88831E-02 1.25295E+01 4.21985E+00 7.68788E-03 3.87809E+00 6.03533E+00 7.90981E-01 9.74050E-05 6.47946E-01 1.14653E-04 3.50187E-03
 3.01002E+04 1.49824E+03 3.86769E+05 1.03000E-03 1.89703E-02 1.25938E+01 4.24130E+00 7.71980E-03 3.89692E+00 6.06596E+00 7.94618E-01 9.78120E-05 6.50481E-01 1.15074E-04 3.51944E-03
 3.02002E+04 1.49824E+03 3.86770E+05 1.03139E-03 1.90574E-02 1.26581E+01 4.26276E+00 7.75173E-03 3.91575E+00 6.09660E+00 7.98255E-01 9.82189E-05 6.53016E-01 1.15497E-04 3.53700E-03
 3.03002E+04 1.49824E+03 3.86771E+05 1.03277E-03 1.91445E-02 1.27224E+01 4.28422E+00 7.78359E-03 3.93458E+00 6.12723E+00 8.01892E-01 9.86381E-05 6.55629E-01 1.15939E-04 3.55360E-03
 3.04002E+04 1.49824E+03 3.86772E+05 1.03415E-03 1.92316E-02 1.27868E+01 4.30568E+00 7.81547E-03 3.95341E+00 6.15787E+00 8.05528E-01 9.90575E-05 6.58242E-01 1.16382E-04 3.57019E-03
 3.05002E+04 1.49824E+03 3.86773E+05 1.03553E-03 1.93188E-02 1.28511E+01 4.32714E+00 7.84726E-03 3.97225E+00 6.18850E+00 8.09165E-01 9.94443E-05 6.60643E-01 1.16773E-04 3.58914E-03
 3.06002E+04 1.49824E+03 3.86773E+05 1.03691E-03 1.94059E-02 1.29154E+01 4.34860E+00 7.87908E-03 3.99109E+00 6.21914E+00 8.12802E-01 9.98312E-05 6.63044E-01 1.17165E-04 3.60805E-03
 3.07002E+04 1.49824E+03 3.86774E+05 1.03828E-03 1.94930E-02 1.29797E+01 4.37006E+00 7.91081E-03 4.00992E+00 6.24977E+00 8.16439E-01 1.00240E-04 6.65587E-01 1.17593E-04 3.62517E-03
 3.08002E+04 1.49824E+03 3.86775E+05 1.03966E-03 1.95801E-02 1.30440E+01 4.39152E+00 7.94257E-03 4.02876E+00 6.28041E+00 8.20076E-01 1.00650E-04 6.68132E-01 1.18022E-04 3.64227E-03
 3.09002E+04 1.49824E+03 3.86775E+05 1.04103E-03 1.96672E-02 1.31083E+01 4.41298E+00 7.97424E-03 4.04759E+00 6.31104E+00 8.23712E-01 1.01081E-04 6.70820E-01 1.18488E-04 3.65776E-03
 3.10002E+04 1.49824E+03 3.86776E+05 1.04241E-03 1.97544E-02 1.31726E+01 4.43445E+00 8.00593E-03 4.06643E+00 6.34168E+00 8.27349E-01 1.01512E-04 6.73509E-01 1.18953E-04 3.67324E-03
 3.11002E+04 1.49824E+03 3.86777E+05 1.04378E-03 1.98415E-02 1.32369E+01 4.45591E+00 8.03755E-03 4.08527E+00 6.37231E+00 8.30986E-01 1.01900E-04 6.75912E-01 1.19348E-04 3.69185E-03
 3.12002E+04 1.49824E+03 3.86777E+05 1.04515E-03 1.99286E-02 1.33012E+01 4.47737E+00 8.06918E-03 4.10411E+00 6.40294E+00 8.34623E-01 1.02288E-04 6.78313E-01 1.19744E-04 3.71044E-03
 3.13002E+04 1.49824E+03 3.86778E+05 1.04652E-03 2.00157E-02 1.33655E+01 4.49884E+00 8.10074E-03 4.12295E+00 6.43358E+00 8.38259E-01 1.02698E-04 6.80858E-01 1.20177E-04 3.72725E-03
 3.14002E+04 1.49824E+03 3.86779E+05 1.04789E-03 2.01028E-02 1.34298E+01 4.52030E+00 8.13231E-03 4.14179E+00 6.46421E+00 8.41896E-01 1.03108E-04 6.83404E-01 1.20610E-04 3.74403E-03
 3.15002E+04 1.49824E+03 3.86779E+05 1.04926E-03 2.01899E-02 1.34941E+01 4.54176E+00 8.16381E-03 4.16063E+00 6.49485E+00 8.45533E-01 1.03540E-04 6.86093E-01 1.21079E-04 3.75924E-03
 3.16002E+04 1.49824E+03 3.86780E+05 1.05063E-03 2.02770E-02 1.35584E+01 4.56323E+00 8.19532E-03 4.17947E+00 6.52548E+00 8.49169E-01 1.03972E-04 6.88784E-01 1.21548E-04 3.77444E-03
 3.17002E+04 1.49824E+03 3.86780E+05 1.05199E-03 2.03641E-02 1.36227E+01 4.58469E+00 8.22675E-03 4.19831E+00 6.55611E+00 8.52805E-01 1.04361E-04 6.91197E-01 1.21948E-04 3.79264E-03
 3.18002E+04 1.49824E+03 3.86781E+05 1.05336E-03 2.04512E-02 1.36870E+01 4.60615E+00 8.25821E-03 4.21716E+00 6.58675E+00 8.56440E-01 1.04751E-04 6.93608E-01 1.22350E-04 3.81083E-03
 3.19002E+04 1.49824E+03 3.86781E+05 1.05472E-03 2.05383E-02 1.37513E+01 4.62761E+00 8.28960E-03 4.23600E+00 6.61738E+00 8.60075E-01 1.05163E-04 6.96163E-01 1.22787E-04 3.82727E-03
 3.20002E+04 1.49824E+03 3.86782E+05 1.05609E-03 2.06255E-02 1.38156E+01 4.64908E+00 8.32100E-03 4.25485E+00 6.64801E+00 8.63711E-01 1.05575E-04 6.98719E-01 1.23226E-04 3.84369E-03
 3.21002E+04 1.49824E+03 3.86782E+05 1.05745E-03 2.07126E-02 1.38799E+01 4.67054E+00 8.35233E-03 4.27370E+00 6.67865E+00 8.67346E-01 1.05967E-04 7.01150E-01 1.23633E-04 3.86147E-03
 3.22002E+04 1.49824E+03 3.86783E+05 1.05881E-03 2.07997E-02 1.39442E+01 4.69200E+00 8.38368E-03 4.29254E+00 6.70928E+00 8.70982E-01 1.06360E-04 7.03581E-01 1.24042E-04 3.87922E-03
 3.23002E+04 1.49824E+03 3.86783E+05 1.06017E-03 2.08868E-02 1.40085E+01 4.71346E+00 8.41495E-03 4.31139E+00 6.73990E+00 8.74617E-01 1.06762E-04 7.06067E-01 1.24464E-04 3.89624E-03
 3.24002E+04 1.49824E+03 3.86783E+05 1.06153E-03 2.09739E-02 1.40728E+01 4.73493E+00 8.44624E-03 4.33024E+00 6.77053E+00 8.78252E-01 1.07163E-04 7.08553E-01 1.24888E-04 3.91324E-03
 3.25002E+04 1.49824E+03 3.86784E+05 1.06289E-03 2.10610E-02 1.41371E+01 4.75639E+00 8.47745E-03 4.34909E+00 6.80116E+00 8.81888E-01 1.07576E-04 7.11110E-01 1.25329E-04 3.92938E-03
 3.26002E+04 1.49824E+03 3.86784E+05 1.06424E-03 2.11481E-02 1.42014E+01 4.77785E+00 8.50868E-03 4.36794E+00 6.83178E+00 8.85523E-01 1.07988E-04 7.13667E-01 1.25771E-04 3.94551E-03
 3.27002E+04 1.49824E+03 3.86784E+05 1.06560E-03 2.12352E-02 1.42657E+01 4.79932E+00 8.53983E-03 4.38679E+00 6.86241E+00 8.89159E-01 1.08369E-04 7.16012E-01 1.26160E-04 3.96406E-03
 3.28002E+04 1.49824E+03 3.86784E+05 1.06695E-03 2.13223E-02 1.43300E+01 4.82079E+00 8.57100E-03 4.40565E+00 6.89303E+00 8.92794E-01 1.08749E-04 7.18356E-01 1.26551E-04 3.98259E-03
 3.29002E+04 1.49824E+03 3.86785E+05 1.06830E-03 2.14094E-02 1.43943E+01 4.84225E+00 8.60209E-03 4.42450E+00 6.92366E+00 8.96430E-01 1.09151E-04 7.20844E-01 1.26977E-04 3.99931E-03
 3.30002E+04 1.49824E+03 3.86785E+05 1.06966E-03 2.14964E-02 1.44586E+01 4.86372E+00 8.63320E-03 4.44335E+00 6.95428E+00 9.00065E-01 1.09553E-04 7.23332E-01 1.27404E-04 4.01600E-03
 3.31002E+04 1.49824E+03 3.86785E+05 1.07101E-03 2.15835E-02 1.45229E+01 4.88519E+00 8.66424E-03 4.46220E+00 6.98491E+00 9.03701E-01 1.09938E-04 7.25704E-01 1.27803E-04 4.03400E-03
 3.32002E+04 1.49824E+03 3.86786E+05 1.07236E-03 2.16706E-02 1.45872E+01 4.90666E+00 8.69529E-03 4.48106E+00 7.01553E+00 9.07336E-01 1.10322E-04 7.28076E-01 1.28203E-04 4.05197E-03
 3.33002E+04 1.49824E+03 3.86786E+05 1.07370E-03 2.17576E-02 1.46515E+01 4.92812E+00 8.72627E-03 4.49991E+00 7.04616E+00 9.10972E-01 1.10704E-04 7.30430E-01 1.28599E-04 4.07008E-03
 3.34002E+04 1.49824E+03 3.86786E+05 1.07505E-03 2.18447E-02 1.47158E+01 4.94959E+00 8.75726E-03 4.51877E+00 7.07678E+00 9.14607E-01 1.11087E-04 7.32785E-01 1.28995E-04 4.08816E-03
 3.35002E+04 1.49824E+03 3.86786E+05 1.07640E-03 2.19318E-02 1.47801E+01 4.97106E+00 8.78818E-03 4.53763E+00 7.10741E+00 9.18243E-01 1.11491E-04 7.35282E-01 1.29428E-04 4.10445E-03
 3.36002E+04 1.49824E+03 3.86787E+05 1.07774E-03 2.20188E-02 1.48444E+01 4.99252E+00 8.81912E-03 4.55648E+00 7.13803E+00 9.21878E-01 1.11896E-04 7.37781E-01 1.29862E-04 4.12073E-03
 3.37002E+04 1.49824E+03 3.86787E+05 1.07909E-03 2.21059E-02 1.49087E+01 5.01399E+00 8.84998E-03 4.57534E+00 7.16866E+00 9.25514E-01 1.12281E-04 7.40154E-01 1.30264E-04 4.13841E-03
 3.38002E+04 1.49824E+03 3.86787E+05 1.08043E-03 2.21930E-02 1.49730E+01 5.03546E+00 8.88086E-03 4.59420E+00 7.19928E+00 9.29150E-01 1.12666E-04 7.42527E-01 1.30668E-04 4.15607E-03
 3.39002E+04 1.49824E+03 3.86787E+05 1.08177E-03 2.22800E-02 1.50373E+01 5.05692E+00 8.91166E-03 4.61305E+00 7.22991E+00 9.32785E-01 1.13049E-04 7.44883E-01 1.31067E-04 4.17386E-03
 3.40002E+04 1.49824E+03 3.86788E+05 1.08311E-03 2.23671E-02 1.51016E+01 5.07839E+00 8.94248E-03 4.63191E+00 7.26053E+00 9.36421E-01 1.13432E-04 7.47238E-01 1.31467E-04 4.19164E-03
 3.41002E+04 1.49824E+03 3.86788E+05 1.08445E-03 2.24542E-02 1.51659E+01 5.09986E+00 8.97323E-03 4.65078E+00 7.29116E+00 9.40055E-01 1.13796E-04 7.49469E-01 1.31837E-04 4.21093E-03
 3.42002E+04 1.49824E+03 3.86788E+05 1.08579E-03 2.25412E-02 1.52302E+01 5.12132E+00 9.00399E-03 4.66964E+00 7.32178E+00 9.43689E-01 1.14160E-04 7.51700E-01 1.32208E-04 4.23019E-03
 3.43002E+04 1.49824E+03 3.86788E+05 1.08713E-03 2.26283E-02 1.52945E+01 5.14279E+00 9.03468E-03 4.68850E+00 7.35241E+00 9.47324E-01 1.14546E-04 7.54074E-01 1.32615E-04 4.24751E-03
 3.44002E+04 1.49824E+03 3.86788E+05 1.08846E-03 2.27154E-02 1.53588E+01 5.16426E+00 9.06539E-03 4.70735E+00 7.38303E+00 9.50958E-01 1.14932E-04 7.56449E-01 1.33023E-04 4.26480E-03
 3.45002E+04 1.49824E+03 3.86788E+05 1.08980E-03 2.28025E-02 1.54231E+01 5.18572E+00 9.09601E-03 4.72621E+00 7.41366E+00 9.54592E-01 1.15329E-04 7.58888E-01 1.33447E-04 4.28126E-03
 3.46002E+04 1.49824E+03 3.86789E+05 1.09113E-03 2.28895E-02 1.54874E+01 5.20719E+00 9.12665E-03 4.74507E+00 7.44428E+00 9.58226E-01 1.15725E-04 7.61327E-01 1.33872E-04 4.29771E-03
 3.47002E+04 1.49824E+03 3.86789E+05 1.09246E-03 2.29766E-02 1.55517E+01 5.22866E+00 9.15721E-03 4.76393E+00 7.47491E+00 9.61861E-01 1.16091E-04 7.63569E-01 1.34248E-04 4.31656E-03
 3.48002E+04 1.49824E+03 3.86789E+05 1.09379E-03 2.30637E-02 1.56160E+01 5.25013E+00 9.18779E-03 4.78280E+00 7.50553E+00 9.65495E-01 1.16457E-04 7.65809E-01 1.34625E-04 4.33538E-03
 3.49002E+04 1.49824E+03 3.86789E+05 1.09512E-03 2.31507E-02 1.56803E+01 5.27160E+00 9.21830E-03 4.80166E+00 7.53616E+00 9.69130E-01 1.16831E-04 7.68105E-01 1.35016E-04 4.35337E-03
 3.50002E+04 1.49824E+03 3.86789E+05 1.09645E-03 2.32378E-02 1.57446E+01 5.29308E+00 9.24883E-03 4.82053E+00 7.56678E+00 9.72764E-01 1.17206E-04 7.70402E-01 1.35408E-04 4.37133E-03
 3.51002E+04 1.49824E+03 3.86789E+05 1.09778E-03 2.33249E-02 1.58089E+01 5.31455E+00 9.27928E-03 4.83939E+00 7.59741E+00 9.76399E-01 1.17562E-04 7.72574E-01 1.35770E-04 4.39087E-03
 3.52002E+04 1.49824E+03 3.86789E+05 1.09911E-03 2.34119E-02 1.58732E+01 5.33602E+00 9.30975E-03 4.85825E+00 7.62803E+00 9.80033E-01 1.17918E-04 7.74746E-01 1.36132E-04 4.41038E-03
 3.53002E+04 1.49824E+03 3.86789E+05 1.10043E-03 2.34990E-02 1.59375E+01 5.35749E+00 9.34014E-03 4.87712E+00 7.65866E+00 9.83667E-01 1.18296E-04 7.77061E-01 1.36531E-04 4.42789E-03
 3.54002E+04 1.49824E+03 3.86790E+05 1.10175E-03 2.35861E-02 1.60018E+01 5.37896E+00 9.37055E-03 4.89598E+00 7.68928E+00 9.87302E-01 1.18674E-04 7.79377E-01 1.36931E-04 4.44537E-03
 3.55002E+04 1.49824E+03 3.86790E+05 1.10308E-03 2.36731E-02 1.60661E+01 5.40043E+00 9.40088E-03 4.91485E+00 7.71990E+00 9.90937E-01 1.19050E-04 7.81675E-01 1.37326E-04 4.46298E-03
 3.56002E+04 1.49824E+03 3.86790E+05 1.10440E-03 2.37602E-02 1.61304E+01 5.42190E+00 9.43122E-03 4.93371E+00 7.75053E+00 9.94571E-01 1.19426E-04 7.83973E-01 1.37723E-04 4.48059E-03
 3.57002E+04 1.49824E+03 3.86790E+05 1.10572E-03 2.38473E-02 1.61947E+01 5.44338E+00 9.46149E-03 4.95258E+00 7.78115E+00 9.98206E-01 1.19782E-04 7.86147E-01 1.38088E-04 4.49977E-03
 3.58002E+04 1.49824E+03 3.86790E+05 1.10704E-03 2.39343E-02 1.62590E+01 5.46485E+00 9.49178E-03 4.97145E+00 7.81176E+00 1.00184E+00 1.20139E-04 7.88320E-01 1.38455E-04 4.51892E-03
 3.59002E+04 1.49824E+03 3.86790E+05 1.10835E-03 2.40214E-02 1.63233E+01 5.48632E+00 9.52200E-03 4.99032E+00 7.84238E+00 1.00547E+00 1.20519E-04 7.90645E-01 1.38860E-04 4.53597E-03
 3.60002E+04 1.49824E+03 3.86790E+05 1.10967E-03 2.41084E-02 1.63876E+01 5.50779E+00 9.55223E-03 5.00918E+00 7.87300E+00 1.00911E+00 1.20900E-04 7.92971E-01 1.39266E-04 4.55301E-03
 3.61002E+04 1.49824E+03 3.86790E+05 1.11098E-03 2.41955E-02 1.64519E+01 5.52926E+00 9.58239E-03 5.02805E+00 7.90362E+00 1.01274E+00 1.21236E-04 7.95012E-01 1.39601E-04 4.57392E-03
 3.62002E+04 1.49824E+03 3.86790E+05 1.11230E-03 2.42825E-02 1.65162E+01 5.55073E+00 9.61257E-03 5.04692E+00 7.93423E+00 1.01638E+00 1.21573E-04 7.97051E-01 1.39937E-04 4.59480E-03
 3.63002E+04 1.49824E+03 3.86790E+05 1.11361E-03 2.43696E-02 1.65804E+01 5.57220E+00 9.64266E-03 5.06579E+00 7.96485E+00 1.02001E+00 1.21932E-04 7.99233E-01 1.40310E-04 4.61346E-03
 3.64002E+04 1.49824E+03 3.86790E+05 1.11492E-03 2.44566E-02 1.66447E+01 5.59368E+00 9.67277E-03 5.08466E+00 7.99547E+00 1.02365E+00 1.22290E-04 8.01416E-01 1.40683E-04 4.63208E-03
 3.65002E+04 1.49824E+03 3.86790E+05 1.11623E-03 2.45436E-02 1.67090E+01 5.61515E+00 9.70281E-03 5.10353E+00 8.02608E+00 1.02728E+00 1.22672E-04 8.03743E-01 1.41093E-04 4.64875E-03
 3.66002E+04 1.49824E+03 3.86791E+05 1.11754E-03 2.46307E-02 1.67733E+01 5.63662E+00 9.73287E-03 5.12240E+00 8.05670E+00 1.03092E+00 1.23053E-04 8.06071E-01 1.41503E-04 4.66541E-03
 3.67002E+04 1.49824E+03 3.86791E+05 1.11885E-03 2.47177E-02 1.68376E+01 5.65809E+00 9.76285E-03 5.14127E+00 8.08732E+00 1.03455E+00 1.23401E-04 8.08187E-01 1.41861E-04 4.68483E-03
 3.68002E+04 1.49824E+03 3.86791E+05 1.12016E-03 2.48048E-02 1.69019E+01 5.67957E+00 9.79285E-03 5.16014E+00 8.11794E+00 1.03818E+00 1.23750E-04 8.10301E-01 1.42219E-04 4.70424E-03
 3.69002E+04 1.49824E+03 3.86791E+05 1.12146E-03 2.48918E-02 1.69662E+01 5.70105E+00 9.82278E-03 5.17901E+00 8.14855E+00 1.04182E+00 1.24110E-04 8.12485E-01 1.42596E-04 4.72255E-03
 3.70002E+04 1.49824E+03 3.86791E+05 1.12276E-03 2.49788E-02 1.70305E+01 5.72252E+00 9.85272E-03 5.19788E+00 8.17917E+00 1.04545E+00 1.24469E-04 8.14670E-01 1.42973E-04 4.74084E-03
 3.71002E+04 1.49824E+03 3.86791E+05 1.12407E-03 2.50659E-02 1.70948E+01 5.74400E+00 9.88259E-03 5.21675E+00 8.20979E+00 1.04908E+00 1.24851E-04 8.16999E-01 1.43386E-04 4.75719E-03
 3.72002E+04 1.49824E+03 3.86791E+05 1.12537E-03 2.51529E-02 1.71591E+01 5.76548E+00 9.91247E-03 5.23562E+00 8.24041E+00 1.05272E+00 1.25233E-04 8.19328E-01 1.43799E-04 4.77354E-03
 3.73002E+04 1.49824E+03 3.86791E+05 1.12667E-03 2.52400E-02 1.72234E+01 5.78695E+00 9.94227E-03 5.25450E+00 8.27102E+00 1.05635E+00 1.25583E-04 8.21453E-01 1.44162E-04 4.79252E-03
 3.74002E+04 1.49824E+03 3.86791E+05 1.12797E-03 2.53270E-02 1.72877E+01 5.80843E+00 9.97210E-03 5.27337E+00 8.30164E+00 1.05998E+00 1.25934E-04 8.23577E-01 1.44526E-04 4.81148E-03
 3.75002E+04 1.49824E+03 3.86791E+05 1.12926E-03 2.54140E-02 1.73520E+01 5.82991E+00 1.00019E-02 5.29225E+00 8.33226E+00 1.06362E+00 1.26295E-04 8.25772E-01 1.44908E-04 4.82937E-03
 3.76002E+04 1.49824E+03 3.86791E+05 1.13056E-03 2.55011E-02 1.74163E+01 5.85138E+00 1.00316E-02 5.31113E+00 8.36287E+00 1.06725E+00 1.26657E-04 8.27967E-01 1.45290E-04 4.84725E-03
 3.77002E+04 1.49824E+03 3.86791E+05 1.13186E-03 2.55881E-02 1.74805E+01 5.87286E+00 1.00613E-02 5.33000E+00 8.39349E+00 1.07089E+00 1.26986E-04 8.29950E-01 1.45620E-04 4.86815E-03
 3.78002E+04 1.49824E+03 3.86791E+05 1.13315E-03 2.56752E-02 1.75448E+01 5.89433E+00 1.00910E-02 5.34888E+00 8.42411E+00 1.07452E+00 1.27315E-04 8.31932E-01 1.45951E-04 4.88900E-03
 3.79002E+04 1.49824E+03 3.86791E+05 1.13444E-03 2.57622E-02 1.76091E+01 5.91581E+00 1.01207E-02 5.36775E+00 8.45473E+00 1.07815E+00 1.27666E-04 8.34057E-01 1.46318E-04 4.90759E-03
 3.80002E+04 1.49824E+03 3.86791E+05 1.13573E-03 2.58492E-02 1.76734E+01 5.93729E+00 1.01503E-02 5.38663E+00 8.48534E+00 1.08179E+00 1.28018E-04 8.36183E-01 1.46687E-04 4.92614E-03
 3.81002E+04 1.49824E+03 3.86791E+05 1.13702E-03 2.59363E-02 1.77377E+01 5.95876E+00 1.01799E-02 5.40551E+00 8.51596E+00 1.08542E+00 1.28391E-04 8.38453E-01 1.47091E-04 4.94269E-03
 3.82002E+04 1.49824E+03 3.86791E+05 1.13831E-03 2.60233E-02 1.78019E+01 5.98024E+00 1.02095E-02 5.42438E+00 8.54658E+00 1.08905E+00 1.28765E-04 8.40723E-01 1.47495E-04 4.95924E-03
 3.83002E+04 1.49824E+03 3.86791E+05 1.13960E-03 2.61104E-02 1.78662E+01 6.00172E+00 1.02390E-02 5.44326E+00 8.57719E+00 1.09269E+00 1.29095E-04 8.42708E-01 1.47829E-04 4.97976E-03
 3.84002E+04 1.49824E+03 3.86791E+05 1.14089E-03 2.61974E-02 1.79305E+01 6.02320E+00 1.02685E-02 5.46214E+00 8.60781E+00 1.09632E+00 1.29424E-04 8.44691E-01 1.48164E-04 5.00025E-03
 3.85002E+04 1.49824E+03 3.86791E+05 1.14217E-03 2.62844E-02 1.79948E+01 6.04468E+00 1.02980E-02 5.48102E+00 8.63843E+00 1.09995E+00 1.29776E-04 8.46818E-01 1.48535E-04 5.01849E-03
 3.86002E+04 1.49824E+03 3.86792E+05 1.14346E-03 2.63715E-02 1.80591E+01 6.06616E+00 1.03275E-02 5.49989E+00 8.66905E+00 1.10359E+00 1.30128E-04 8.48946E-01 1.48907E-04 5.03670E-03
 3.87002E+04 1.49824E+03 3.86791E+05 1.14474E-03 2.64585E-02 1.81234E+01 6.08765E+00 1.03569E-02 5.51878E+00 8.69966E+00 1.10722E+00 1.30463E-04 8.50957E-01 1.49250E-04 5.05653E-03
 3.88002E+04 1.49824E+03 3.86791E+05 1.14602E-03 2.65456E-02 1.81876E+01 6.10913E+00 1.03863E-02 5.53766E+00 8.73028E+00 1.11086E+00 1.30797E-04 8.52968E-01 1.49594E-04 5.07633E-03
 3.89002E+04 1.49824E+03 3.86792E+05 1.14730E-03 2.66326E-02 1.82519E+01 6.13061E+00 1.04156E-02 5.55654E+00 8.76090E+00 1.11449E+00 1.31140E-04 8.55035E-01 1.49953E-04 5.09519E-03
 3.90002E+04 1.49824E+03 3.86791E+05 1.14858E-03 2.67197E-02 1.83162E+01 6.15209E+00 1.04450E-02 5.57542E+00 8.79151E+00 1.11812E+00 1.31483E-04 8.57102E-01 1.50312E-04 5.11402E-03
 3.91002E+04 1.49824E+03 3.86792E+05 1.14986E-03 2.68067E-02 1.83805E+01 6.17357E+00 1.04743E-02 5.59429E+00 8.82213E+00 1.12176E+00 1.31837E-04 8.59240E-01 1.50689E-04 5.13177E-03
 3.92002E+04 1.49824E+03 3.86792E+05 1.15114E-03 2.68937E-02 1.84448E+01 6.19505E+00 1.05036E-02 5.61317E+00 8.85275E+00 1.12539E+00 1.32191E-04 8.61377E-01 1.51067E-04 5.14950E-03
 3.93002E+04 1.49824E+03 3.86792E+05 1.15241E-03 2.69807E-02 1.85091E+01 6.21653E+00 1.05328E-02 5.63205E+00 8.88336E+00 1.12902E+00 1.32527E-04 8.63390E-01 1.51414E-04 5.16897E-03
 3.94002E+04 1.49824E+03 3.86792E+05 1.15369E-03 2.70677E-02 1.85733E+01 6.23801E+00 1.05621E-02 5.65093E+00 8.91397E+00 1.13265E+00 1.32862E-04 8.65403E-01 1.51761E-04 5.18841E-03
 3.95002E+04 1.49824E+03 3.86792E+05 1.15496E-03 2.71547E-02 1.86376E+01 6.25950E+00 1.05912E-02 5.66981E+00 8.94458E+00 1.13629E+00 1.33205E-04 8.67471E-01 1.52124E-04 5.20693E-03
 3.96002E+04 1.49824E+03 3.86792E+05 1.15623E-03 2.72417E-02 1.87019E+01 6.28098E+00 1.06204E-02 5.68869E+00 8.97519E+00 1.13992E+00 1.33549E-04 8.69540E-01 1.52486E-04 5.22543E-03
 3.97002E+04 1.49824E+03 3.86792E+05 1.15750E-03 2.73287E-02 1.87662E+01 6.30246E+00 1.06495E-02 5.70758E+00 9.00580E+00 1.14355E+00 1.33863E-04 8.71411E-01 1.52800E-04 5.24696E-03
 3.98002E+04 1.49824E+03 3.86792E+05 1.15877E-03 2.74158E-02 1.88305E+01 6.32394E+00 1.06787E-02 5.72646E+00 9.03641E+00 1.14718E+00 1.34177E-04 8.73281E-01 1.53115E-04 5.26845E-03
 3.99002E+04 1.49824E+03 3.86791E+05 1.16003E-03 2.75028E-02 1.88947E+01 6.34542E+00 1.07077E-02 5.74534E+00 9.06702E+00 1.15082E+00 1.34512E-04 8.75295E-01 1.53467E-04 5.28751E-03
 4.00002E+04 1.49824E+03 3.86792E+05 1.16130E-03 2.75898E-02 1.89590E+01 6.36690E+00 1.07368E-02 5.76422E+00 9.09763E+00 1.15445E+00 1.34849E-04 8.77309E-01 1.53819E-04 5.30653E-03
 4.01002E+04 1.49824E+03 3.86792E+05 1.16257E-03 2.76768E-02 1.90233E+01 6.38838E+00 1.07658E-02 5.78310E+00 9.12824E+00 1.15808E+00 1.35193E-04 8.79378E-01 1.54185E-04 5.32464E-03
 4.02002E+04 1.49824E+03 3.86792E+05 1.16383E-03 2.77638E-02 1.90876E+01 6.40986E+00 1.07948E-02 5.80198E+00 9.15885E+00 1.16171E+00 1.35538E-04 8.81448E-01 1.54552E-04 5.34273E-03
 4.03002E+04 1.49824E+03 3.86792E+05 1.16509E-03 2.78508E-02 1.91519E+01 6.43135E+00 1.08237E-02 5.82087E+00 9.18946E+00 1.16535E+00 1.35865E-04 8.83403E-01 1.54890E-04 5.36250E-03
 4.04002E+04 1.49824E+03 3.86792E+05 1.16635E-03 2.79378E-02 1.92162E+01 6.45284E+00 1.08527E-02 5.83975E+00 9.22007E+00 1.16898E+00 1.36192E-04 8.85356E-01 1.55229E-04 5.38224E-03
 4.05002E+04 1.49824E+03 3.86792E+05 1.16761E-03 2.80249E-02 1.92804E+01 6.47432E+00 1.08816E-02 5.85864E+00 9.25068E+00 1.17261E+00 1.36516E-04 8.87292E-01 1.55565E-04 5.40216E-03
 4.06002E+04 1.49824E+03 3.86792E+05 1.16887E-03 2.81119E-02 1.93447E+01 6.49581E+00 1.09105E-02 5.87752E+00 9.28129E+00 1.17625E+00 1.36841E-04 8.89228E-01 1.55901E-04 5.42206E-03
 4.07002E+04 1.49824E+03 3.86792E+05 1.17013E-03 2.81989E-02 1.94090E+01 6.51730E+00 1.09393E-02 5.89641E+00 9.31190E+00 1.17988E+00 1.37146E-04 8.91040E-01 1.56207E-04 5.44395E-03
 4.08002E+04 1.49824E+03 3.86792E+05 1.17139E-03 2.82859E-02 1.94733E+01 6.53878E+00 1.09681E-02 5.91530E+00 9.34251E+00 1.18351E+00 1.37452E-04 8.92850E-01 1.56513E-04 5.46580E-03
 4.09002E+04 1.49824E+03 3.86792E+05 1.17264E-03 2.83729E-02 1.95376E+01 6.56027E+00 1.09969E-02 5.93418E+00 9.37312E+00 1.18714E+00 1.37780E-04 8.94805E-01 1.56856E-04 5.48511E-03
 4.10002E+04 1.49824E+03 3.86792E+05 1.17390E-03 2.84599E-02 1.96018E+01 6.58175E+00 1.10257E-02 5.95307E+00 9.40373E+00 1.19078E+00 1.38108E-04 8.96760E-01 1.57200E-04 5.50439E-03
 4.11002E+04 1.49824E+03 3.86792E+05 1.17515E-03 2.85470E-02 1.96661E+01 6.60324E+00 1.10544E-02 5.97195E+00 9.43434E+00 1.19441E+00 1.38444E-04 8.98771E-01 1.57558E-04 5.52272E-03
 4.12002E+04 1.49824E+03 3.86792E+05 1.17640E-03 2.86340E-02 1.97304E+01 6.62473E+00 1.10831E-02 5.99084E+00 9.46495E+00 1.19804E+00 1.38781E-04 9.00783E-01 1.57917E-04 5.54103E-03
 4.13002E+04 1.49824E+03 3.86792E+05 1.17765E-03 2.87210E-02 1.97947E+01 6.64621E+00 1.11117E-02 6.00973E+00 9.49556E+00 1.20167E+00 1.39087E-04 9.02596E-01 1.58227E-04 5.56249E-03
 4.14002E+04 1.49824E+03 3.86792E+05 1.17890E-03 2.88080E-02 1.98590E+01 6.66770E+00 1.11404E-02 6.02862E+00 9.52617E+00 1.20531E+00 1.39393E-04 9.04408E-01 1.58538E-04 5.58392E-03
 4.15002E+04 1.49824E+03 3.86792E+05 1.18014E-03 2.88950E-02 1.99233E+01 6.68919E+00 1.11690E-02 6.04750E+00 9.55678E+00 1.20894E+00 1.39722E-04 9.06364E-01 1.58885E-04 5.60283E-03
 4.16002E+04 1.49824E+03 3.86792E+05 1.18139E-03 2.89821E-02 1.99875E+01 6.71067E+00 1.11976E-02 6.06639E+00 9.58739E+00 1.21257E+00 1.40051E-04 9.08321E-01 1.59232E-04 5.62172E-03
 4.17002E+04 1.49824E+03 3.86792E+05 1.18263E-03 2.90691E-02 2.00518E+01 6.73216E+00 1.12261E-02 6.08528E+00 9.61800E+00 1.21620E+00 1.40348E-04 9.10074E-01 1.59530E-04 5.64400E-03
 4.18002E+04 1.49824E+03 3.86792E+05 1.18388E-03 2.91561E-02 2.01161E+01 6.75364E+00 1.12546E-02 6.10417E+00 9.64861E+00 1.21983E+00 1.40646E-04 9.11827E-01 1.59828E-04 5.66625E-03
 4.19002E+04 1.49824E+03 3.86792E+05 1.18512E-03 2.92431E-02 2.01804E+01 6.77513E+00 1.12831E-02 6.12306E+00 9.67922E+00 1.22346E+00 1.40954E-04 9.13649E-01 1.60145E-04 5.68708E-03
 4.20002E+04 1.49824E+03 3.86792E+05 1.18636E-03 2.93301E-02 2.02447E+01 6.79662E+00 1.13116E-02 6.14195E+00 9.70983E+00 1.22710E+00 1.41263E-04 9.15472E-01 1.60462E-04 5.70788E-03
 4.21002E+04 1.49824E+03 3.86792E+05 1.18760E-03 2.94171E-02 2.03090E+01 6.81810E+00 1.13400E-02 6.16083E+00 9.74044E+00 1.23073E+00 1.41593E-04 9.17438E-01 1.60816E-04 5.72620E-03
 4.22002E+04 1.49824E+03 3.86792E+05 1.18884E-03 2.95041E-02 2.03732E+01 6.83959E+00 1.13684E-02 6.17971E+00 9.77105E+00 1.23436E+00 1.41924E-04 9.19406E-01 1.61170E-04 5.74452E-03
 4.23002E+04 1.49824E+03 3.86792E+05 1.19007E-03 2.95912E-02 2.04375E+01 6.86108E+00 1.13968E-02 6.19860E+00 9.80166E+00 1.23799E+00 1.42222E-04 9.21160E-01 1.61472E-04 5.76633E-03
 4.24002E+04 1.49824E+03 3.86792E+05 1.19131E-03 2.96782E-02 2.05018E+01 6.88257E+00 1.14251E-02 6.21749E+00 9.83227E+00 1.24162E+00 1.42521E-04 9.22914E-01 1.61774E-04 5.78811E-03
 4.25002E+04 1.49824E+03 3.86792E+05 1.19254E-03 2.97652E-02 2.05661E+01 6.90406E+00 1.14534E-02 6.23638E+00 9.86288E+00 1.24526E+00 1.42841E-04 9.24811E-01 1.62113E-04 5.80727E-03
 4.26002E+04 1.49824E+03 3.86792E+05 1.19378E-03 2.98522E-02 2.06304E+01 6.92555E+00 1.14817E-02 6.25527E+00 9.89349E+00 1.24889E+00 1.43162E-04 9.26710E-01 1.62453E-04 5.82641E-03
 4.27002E+04 1.49824E+03 3.86792E+05 1.19501E-03 2.99391E-02 2.06946E+01 6.94705E+00 1.15099E-02 6.27417E+00 9.92409E+00 1.25252E+00 1.43452E-04 9.28410E-01 1.62743E-04 5.84898E-03
 4.28002E+04 1.49824E+03 3.86792E+05 1.19624E-03 3.00261E-02 2.07589E+01 6.96854E+00 1.15382E-02 6.29306E+00 9.95469E+00 1.25615E+00 1.43743E-04 9.30109E-01 1.63035E-04 5.87151E-03
 4.29002E+04 1.49824E+03 3.86792E+05 1.19747E-03 3.01131E-02 2.08232E+01 6.99003E+00 1.15664E-02 6.31195E+00 9.98529E+00 1.25978E+00 1.44042E-04 9.31864E-01 1.63341E-04 5.89284E-03
 4.30002E+04 1.49824E+03 3.86792E+05 1.19870E-03 3.02001E-02 2.08875E+01 7.01152E+00 1.15945E-02 6.33084E+00 1.00159E+01 1.26341E+00 1.44341E-04 9.33619E-01 1.63648E-04 5.91413E-03
 4.31002E+04 1.49824E+03 3.86792E+05 1.19992E-03 3.02871E-02 2.09518E+01 7.03301E+00 1.16226E-02 6.34973E+00 1.00465E+01 1.26705E+00 1.44664E-04 9.35526E-01 1.63994E-04 5.93269E-03
 4.32002E+04 1.49824E+03 3.86792E+05 1.20115E-03 3.03741E-02 2.10161E+01 7.05450E+00 1.16508E-02 6.36862E+00 1.00771E+01 1.27068E+00 1.44986E-04 9.37435E-01 1.64339E-04 5.95124E-03
 4.33002E+04 1.49824E+03 3.86792E+05 1.20237E-03 3.04611E-02 2.10803E+01 7.07599E+00 1.16788E-02 6.38752E+00 1.01077E+01 1.27431E+00 1.45290E-04 9.39219E-01 1.64655E-04 5.97181E-03
 4.34002E+04 1.49824E+03 3.86792E+05 1.20360E-03 3.05481E-02 2.11446E+01 7.09748E+00 1.17069E-02 6.40641E+00 1.01383E+01 1.27794E+00 1.45594E-04 9.41002E-01 1.64970E-04 5.99237E-03
 4.35002E+04 1.49824E+03 3.86792E+05 1.20482E-03 3.06351E-02 2.12089E+01 7.11898E+00 1.17349E-02 6.42530E+00 1.01689E+01 1.28158E+00 1.45895E-04 9.42767E-01 1.65282E-04 6.01313E-03
 4.36002E+04 1.49824E+03 3.86792E+05 1.20604E-03 3.07221E-02 2.12732E+01 7.14047E+00 1.17629E-02 6.44420E+00 1.01995E+01 1.28521E+00 1.46196E-04 9.44532E-01 1.65595E-04 6.03387E-03
 4.37002E+04 1.49824E+03 3.86792E+05 1.20725E-03 3.08091E-02 2.13375E+01 7.16196E+00 1.17908E-02 6.46309E+00 1.02301E+01 1.28884E+00 1.46519E-04 9.46442E-01 1.65943E-04 6.05206E-03
 4.38002E+04 1.49824E+03 3.86792E+05 1.20847E-03 3.08961E-02 2.14017E+01 7.18345E+00 1.18188E-02 6.48198E+00 1.02607E+01 1.29247E+00 1.46843E-04 9.48352E-01 1.66292E-04 6.07024E-03
 4.39002E+04 1.49824E+03 3.86792E+05 1.20969E-03 3.09831E-02 2.14660E+01 7.20494E+00 1.18467E-02 6.50087E+00 1.02913E+01 1.29610E+00 1.47133E-04 9.50049E-01 1.66589E-04 6.09206E-03
 4.40002E+04 1.49824E+03 3.86792E+05 1.21091E-03 3.10701E-02 2.15303E+01 7.22643E+00 1.18746E-02 6.51976E+00 1.03219E+01 1.29973E+00 1.47424E-04 9.51746E-01 1.66886E-04 6.11386E-03
 4.41002E+04 1.49824E+03 3.86792E+05 1.21212E-03 3.11571E-02 2.15946E+01 7.24793E+00 1.19024E-02 6.53866E+00 1.03525E+01 1.30336E+00 1.47726E-04 9.53512E-01 1.67201E-04 6.13422E-03
 4.42002E+04 1.49824E+03 3.86792E+05 1.21333E-03 3.12441E-02 2.16588E+01 7.26942E+00 1.19302E-02 6.55755E+00 1.03831E+01 1.30699E+00 1.48028E-04 9.55279E-01 1.67517E-04 6.15456E-03
 4.43002E+04 1.49824E+03 3.86792E+05 1.21454E-03 3.13311E-02 2.17231E+01 7.29092E+00 1.19580E-02 6.57645E+00 1.04137E+01 1.31063E+00 1.48310E-04 9.56922E-01 1.67802E-04 6.17716E-03
 4.44002E+04 1.49824E+03 3.86792E+05 1.21575E-03 3.14181E-02 2.17874E+01 7.31242E+00 1.19858E-02 6.59535E+00 1.04443E+01 1.31426E+00 1.48593E-04 9.58564E-01 1.68088E-04 6.19972E-03
 4.45002E+04 1.49824E+03 3.86792E+05 1.21696E-03 3.15051E-02 2.18516E+01 7.33391E+00 1.20135E-02 6.61425E+00 1.04749E+01 1.31789E+00 1.48885E-04 9.60261E-01 1.68389E-04 6.22104E-03
 4.46002E+04 1.49824E+03 3.86792E+05 1.21817E-03 3.15921E-02 2.19159E+01 7.35541E+00 1.20412E-02 6.63314E+00 1.05055E+01 1.32152E+00 1.49176E-04 9.61960E-01 1.68691E-04 6.24233E-03
 4.47002E+04 1.49824E+03 3.86792E+05 1.21937E-03 3.16791E-02 2.19802E+01 7.37691E+00 1.20688E-02 6.65203E+00 1.05361E+01 1.32515E+00 1.49492E-04 9.63810E-01 1.69030E-04 6.26080E-03
 4.48002E+04 1.49824E+03 3.86792E+05 1.22058E-03 3.17661E-02 2.20444E+01 7.39840E+00 1.20965E-02 6.67093E+00 1.05667E+01 1.32878E+00 1.49807E-04 9.65661E-01 1.69371E-04 6.27926E-03
 4.49002E+04 1.49824E+03 3.86792E+05 1.22178E-03 3.18531E-02 2.21087E+01 7.41990E+00 1.21241E-02 6.68983E+00 1.05974E+01 1.33241E+00 1.50092E-04 9.67314E-01 1.69662E-04 6.30124E-03
 4.50002E+04 1.49824E+03 3.86792E+05 1.22299E-03 3.19401E-02 2.21730E+01 7.44140E+00 1.21517E-02 6.70872E+00 1.06280E+01 1.33604E+00 1.50376E-04 9.68966E-01 1.69953E-04 6.32319E-03
 4.51002E+04 1.49824E+03 3.86792E+05 1.22419E-03 3.20271E-02 2.22372E+01 7.46289E+00 1.21792E-02 6.72762E+00 1.06586E+01 1.33967E+00 1.50670E-04 9.70674E-01 1.70259E-04 6.34393E-03
 4.52002E+04 1.49824E+03 3.86792E+05 1.22539E-03 3.21141E-02 2.23015E+01 7.48439E+00 1.22068E-02 6.74652E+00 1.06892E+01 1.34330E+00 1.50964E-04 9.72382E-01 1.70566E-04 6.36465E-03
 4.53002E+04 1.49824E+03 3.86792E+05 1.22658E-03 3.22011E-02 2.23658E+01 7.50588E+00 1.22342E-02 6.76542E+00 1.07198E+01 1.34694E+00 1.51238E-04 9.73966E-01 1.70843E-04 6.38774E-03
 4.54002E+04 1.49824E+03 3.86792E+05 1.22778E-03 3.22881E-02 2.24301E+01 7.52738E+00 1.22617E-02 6.78432E+00 1.07504E+01 1.35057E+00 1.51513E-04 9.75549E-01 1.71120E-04 6.41078E-03
 4.55002E+04 1.49824E+03 3.86792E+05 1.22898E-03 3.23750E-02 2.24943E+01 7.54888E+00 1.22891E-02 6.80322E+00 1.07810E+01 1.35420E+00 1.51810E-04 9.77275E-01 1.71433E-04 6.43086E-03
 4.56002E+04 1.49824E+03 3.86792E+05 1.23017E-03 3.24620E-02 2.25586E+01 7.57037E+00 1.23166E-02 6.82212E+00 1.08116E+01 1.35783E+00 1.52107E-04 9.79003E-01 1.71748E-04 6.45091E-03
 4.57002E+04 1.49824E+03 3.86793E+05 1.23136E-03 3.25490E-02 2.26229E+01 7.59187E+00 1.23439E-02 6.84102E+00 1.08422E+01 1.36146E+00 1.52401E-04 9.80712E-01 1.72058E-04 6.47119E-03
 4.58002E+04 1.49824E+03 3.86792E+05 1.23256E-03 3.26359E-02 2.26871E+01 7.61337E+00 1.23713E-02 6.85991E+00 1.08728E+01 1.36509E+00 1.52695E-04 9.82422E-01 1.72368E-04 6.49146E-03
 4.59002E+04 1.49824E+03 3.86792E+05 1.23375E-03 3.27229E-02 2.27514E+01 7.63486E+00 1.23986E-02 6.87881E+00 1.09034E+01 1.36872E+00 1.52971E-04 9.84007E-01 1.72648E-04 6.51408E-03
 4.60002E+04 1.49824E+03 3.86792E+05 1.23494E-03 3.28099E-02 2.28157E+01 7.65636E+00 1.24259E-02 6.89771E+00 1.09340E+01 1.37235E+00 1.53246E-04 9.85592E-01 1.72929E-04 6.53667E-03
 4.61002E+04 1.49824E+03 3.86792E+05 1.23613E-03 3.28969E-02 2.28799E+01 7.67786E+00 1.24531E-02 6.91661E+00 1.09646E+01 1.37599E+00 1.53545E-04 9.87329E-01 1.73248E-04 6.55617E-03
 4.62002E+04 1.49824E+03 3.86792E+05 1.23731E-03 3.29838E-02 2.29442E+01 7.69936E+00 1.24804E-02 6.93551E+00 1.09952E+01 1.37962E+00 1.53844E-04 9.89066E-01 1.73568E-04 6.57565E-03
 4.63002E+04 1.49824E+03 3.86792E+05 1.23850E-03 3.30708E-02 2.30085E+01 7.72086E+00 1.25076E-02 6.95441E+00 1.10258E+01 1.38325E+00 1.54099E-04 9.90518E-01 1.73817E-04 6.60099E-03
 4.64002E+04 1.49824E+03 3.86792E+05 1.23968E-03 3.31578E-02 2.30727E+01 7.74236E+00 1.25348E-02 6.97331E+00 1.10564E+01 1.38688E+00 1.54354E-04 9.91969E-01 1.74067E-04 6.62627E-03
 4.65002E+04 1.49824E+03 3.86792E+05 1.24087E-03 3.32448E-02 2.31370E+01 7.76387E+00 1.25619E-02 6.99222E+00 1.10870E+01 1.39051E+00 1.54631E-04 9.93563E-01 1.74353E-04 6.64819E-03
 4.66002E+04 1.49824E+03 3.86792E+05 1.24205E-03 3.33317E-02 2.32013E+01 7.78537E+00 1.25890E-02 7.01112E+00 1.11176E+01 1.39414E+00 1.54909E-04 9.95157E-01 1.74640E-04 6.67006E-03
 4.67002E+04 1.49824E+03 3.86792E+05 1.24323E-03 3.34187E-02 2.32655E+01 7.80687E+00 1.26161E-02 7.03002E+00 1.11482E+01 1.39777E+00 1.55208E-04 9.96896E-01 1.74964E-04 6.68905E-03
 4.68002E+04 1.49824E+03 3.86792E+05 1.24441E-03 3.35057E-02 2.33298E+01 7.82837E+00 1.26431E-02 7.04892E+00 1.11788E+01 1.40140E+00 1.55508E-04 9.98635E-01 1.75287E-04 6.70803E-03
 4.69002E+04 1.49824E+03 3.86792E+05 1.24558E-03 3.35927E-02 2.33941E+01 7.84987E+00 1.26701E-02 7.06782E+00 1.12094E+01 1.40503E+00 1.55775E-04 1.00016E+00 1.75558E-04 6.73115E-03
 4.70002E+04 1.49824E+03 3.86792E+05 1.24676E-03 3.36796E-02 2.34583E+01 7.87137E+00 1.26971E-02 7.08672E+00 1.12400E+01 1.40866E+00 1.56042E-04 1.00169E+00 1.75830E-04 6.75424E-03
 4.71002E+04 1.49824E+03 3.86792E+05 1.24793E-03 3.37666E-02 2.35226E+01 7.89287E+00 1.27241E-02 7.10563E+00 1.12705E+01 1.41229E+00 1.56321E-04 1.00328E+00 1.76120E-04 6.77570E-03
 4.72002E+04 1.49824E+03 3.86792E+05 1.24911E-03 3.38536E-02 2.35869E+01 7.91438E+00 1.27510E-02 7.12453E+00 1.13011E+01 1.41592E+00 1.56599E-04 1.00488E+00 1.76410E-04 6.79713E-03
 4.73002E+04 1.49824E+03 3.86792E+05 1.25028E-03 3.39406E-02 2.36511E+01 7.93588E+00 1.27779E-02 7.14344E+00 1.13317E+01 1.41955E+00 1.56844E-04 1.00626E+00 1.76648E-04 6.82329E-03
 4.74002E+04 1.49824E+03 3.86792E+05 1.25145E-03 3.40275E-02 2.37154E+01 7.95738E+00 1.28048E-02 7.16235E+00 1.13623E+01 1.42318E+00 1.57090E-04 1.00765E+00 1.76888E-04 6.84938E-03
 4.75002E+04 1.49824E+03 3.86792E+05 1.25262E-03 3.41145E-02 2.37797E+01 7.97888E+00 1.28316E-02 7.18125E+00 1.13929E+01 1.42681E+00 1.57360E-04 1.00918E+00 1.77165E-04 6.87172E-03
 4.76002E+04 1.49824E+03 3.86792E+05 1.25379E-03 3.42015E-02 2.38439E+01 8.00038E+00 1.28585E-02 7.20015E+00 1.14235E+01 1.43044E+00 1.57629E-04 1.01072E+00 1.77444E-04 6.89402E-03
 4.77002E+04 1.49824E+03 3.86792E+05 1.25496E-03 3.42885E-02 2.39082E+01 8.02188E+00 1.28852E-02 7.21905E+00 1.14541E+01 1.43407E+00 1.57920E-04 1.01240E+00 1.77759E-04 6.91329E-03
 4.78002E+04 1.49824E+03 3.86792E+05 1.25612E-03 3.43754E-02 2.39725E+01 8.04338E+00 1.29120E-02 7.23796E+00 1.14847E+01 1.43770E+00 1.58212E-04 1.01408E+00 1.78074E-04 6.93256E-03
 4.79002E+04 1.49824E+03 3.86792E+05 1.25729E-03 3.44624E-02 2.40367E+01 8.06489E+00 1.29387E-02 7.25686E+00 1.15153E+01 1.44133E+00 1.58460E-04 1.01547E+00 1.78318E-04 6.95794E-03
 4.80002E+04 1.49824E+03 3.86792E+05 1.25845E-03 3.45494E-02 2.41010E+01 8.08640E+00 1.29654E-02 7.27577E+00 1.15459E+01 1.44496E+00 1.58708E-04 1.01687E+00 1.78563E-04 6.98327E-03
 4.81002E+04 1.49824E+03 3.86792E+05 1.25961E-03 3.46364E-02 2.41653E+01 8.10790E+00 1.29920E-02 7.29468E+00 1.15765E+01 1.44859E+00 1.58978E-04 1.01840E+00 1.78845E-04 7.00510E-03
 4.82002E+04 1.49824E+03 3.86792E+05 1.26077E-03 3.47234E-02 2.42295E+01 8.12941E+00 1.30187E-02 7.31359E+00 1.16071E+01 1.45222E+00 1.59248E-04 1.01994E+00 1.79127E-04 7.02689E-03
 4.83002E+04 1.49824E+03 3.86792E+05 1.26193E-03 3.48103E-02 2.42938E+01 8.15092E+00 1.30453E-02 7.33250E+00 1.16377E+01 1.45585E+00 1.59499E-04 1.02136E+00 1.79379E-04 7.05141E-03
 4.84002E+04 1.49824E+03 3.86792E+05 1.26309E-03 3.48973E-02 2.43581E+01 8.17242E+00 1.30718E-02 7.35140E+00 1.16683E+01 1.45948E+00 1.59750E-04 1.02277E+00 1.79631E-04 7.07589E-03
 4.85002E+04 1.49824E+03 3.86792E+05 1.26425E-03 3.49843E-02 2.44223E+01 8.19393E+00 1.30984E-02 7.37031E+00 1.16989E+01 1.46311E+00 1.60010E-04 1.02424E+00 1.79898E-04 7.09889E-03
 4.86002E+04 1.49824E+03 3.86792E+05 1.26540E-03 3.50713E-02 2.44866E+01 8.21544E+00 1.31249E-02 7.38922E+00 1.17295E+01 1.46674E+00 1.60270E-04 1.02570E+00 1.80166E-04 7.12184E-03
 4.87002E+04 1.49824E+03 3.86792E+05 1.26656E-03 3.51582E-02 2.45509E+01 8.23694E+00 1.31513E-02 7.40813E+00 1.17601E+01 1.47037E+00 1.60541E-04 1.02724E+00 1.80452E-04 7.14311E-03
 4.88002E+04 1.49824E+03 3.86792E+05 1.26771E-03 3.52452E-02 2.46151E+01 8.25845E+00 1.31778E-02 7.42703E+00 1.17907E+01 1.47399E+00 1.60812E-04 1.02878E+00 1.80738E-04 7.16436E-03
 4.89002E+04 1.49824E+03 3.86792E+05 1.26886E-03 3.53321E-02 2.46794E+01 8.27996E+00 1.32042E-02 7.44594E+00 1.18213E+01 1.47762E+00 1.61064E-04 1.03020E+00 1.80994E-04 7.18833E-03
 4.90002E+04 1.49824E+03 3.86792E+05 1.27001E-03 3.54191E-02 2.47437E+01 8.30146E+00 1.32306E-02 7.46485E+00 1.18519E+01 1.48125E+00 1.61316E-04 1.03161E+00 1.81250E-04 7.21226E-03
 4.91002E+04 1.49824E+03 3.86792E+05 1.27116E-03 3.55060E-02 2.48079E+01 8.32297E+00 1.32570E-02 7.48375E+00 1.18825E+01 1.48488E+00 1.61578E-04 1.03309E+00 1.81523E-04 7.23455E-03
 4.92002E+04 1.49824E+03 3.86792E+05 1.27231E-03 3.55930E-02 2.48722E+01 8.34447E+00 1.32833E-02 7.50266E+00 1.19131E+01 1.48851E+00 1.61840E-04 1.03457E+00 1.81797E-04 7.25681E-03
 4.93002E+04 1.49824E+03 3.86792E+05 1.27345E-03 3.56799E-02 2.49365E+01 8.36598E+00 1.33096E-02 7.52157E+00 1.19437E+01 1.49214E+00 1.62071E-04 1.03585E+00 1.82021E-04 7.28391E-03
 4.94002E+04 1.49824E+03 3.86792E+05 1.27460E-03 3.57669E-02 2.50007E+01 8.38749E+00 1.33359E-02 7.54049E+00 1.19743E+01 1.49577E+00 1.62303E-04 1.03713E+00 1.82247E-04 7.31095E-03
 4.95002E+04 1.49824E+03 3.86792E+05 1.27574E-03 3.58538E-02 2.50650E+01 8.40899E+00 1.33621E-02 7.55940E+00 1.20048E+01 1.49940E+00 1.62557E-04 1.03855E+00 1.82509E-04 7.33409E-03
 4.96002E+04 1.49824E+03 3.86792E+05 1.27688E-03 3.59408E-02 2.51293E+01 8.43050E+00 1.33883E-02 7.57831E+00 1.20354E+01 1.50303E+00 1.62811E-04 1.03998E+00 1.82773E-04 7.35718E-03
 4.97002E+04 1.49824E+03 3.86792E+05 1.27802E-03 3.60278E-02 2.51935E+01 8.45201E+00 1.34145E-02 7.59722E+00 1.20660E+01 1.50666E+00 1.63074E-04 1.04146E+00 1.83050E-04 7.37885E-03
 4.98002E+04 1.49824E+03 3.86792E+05 1.27916E-03 3.61147E-02 2.52578E+01 8.47351E+00 1.34406E-02 7.61614E+00 1.20966E+01 1.51029E+00 1.63337E-04 1.04294E+00 1.83328E-04 7.40049E-03
 4.99002E+04 1.49824E+03 3.86792E+05 1.28030E-03 3.62017E-02 2.53221E+01 8.49502E+00 1.34667E-02 7.63505E+00 1.21272E+01 1.51392E+00 1.63581E-04 1.04429E+00 1.83575E-04 7.42501E-03
 5.00002E+04 1.49824E+03 3.86792E+05 1.28144E-03 3.62886E-02 2.53863E+01 8.51654E+00 1.34928E-02 7.65396E+00 1.21578E+01 1.51755E+00 1.63825E-04 1.04565E+00 1.83823E-04 7.44949E-03
 5.01002E+04 1.49824E+03 3.86792E+05 1.28257E-03 3.63756E-02 2.54506E+01 8.53805E+00 1.35189E-02 7.67287E+00 1.21884E+01 1.52118E+00 1.64079E-04 1.04707E+00 1.84089E-04 7.47208E-03
