 0.00000E+00 3.00001E+02 1.01325E+05 0.00000E+00 0.00000E+00 0.00000E+00 0.00000E+00 0.00000E+00 0.00000E+00
 1.01092E+02 3.09972E+02 1.01464E+05 1.12279E+01 6.40180E-02 4.72000E+03 3.39100E+04 8.65000E+03 2.67866E+04
 2.00692E+02 3.19927E+02 1.01663E+05 1.12279E+01 6.40180E-02 4.72000E+03 3.39100E+04 8.65000E+03 2.67866E+04
 3.00192E+02 3.29941E+02 1.02041E+05 1.12279E+01 6.40180E-02 4.72000E+03 3.39100E+04 8.65000E+03 2.67866E+04
 4.00192E+02 3.39936E+02 1.02594E+05 1.12279E+01 6.40180E-02 4.72000E+03 3.39100E+04 8.65000E+03 2.67866E+04
 5.00192E+02 3.49930E+02 1.03307E+05 1.12279E+01 6.40180E-02 4.72000E+03 3.39100E+04 8.65000E+03 2.67866E+04
 6.00192E+02 3.59924E+02 1.04167E+05 1.12279E+01 6.40180E-02 4.72000E+03 3.39100E+04 8.65000E+03 2.67866E+04
 7.00192E+02 3.69918E+02 1.05165E+05 1.12279E+01 6.40180E-02 4.72000E+03 3.39100E+04 8.65000E+03 2.67866E+04
 8.00192E+02 3.79912E+02 1.06289E+05 1.12279E+01 6.40180E-02 4.72000E+03 3.39100E+04 8.65000E+03 2.67866E+04
 9.00192E+02 3.89905E+02 1.07534E+05 1.12279E+01 6.40180E-02 4.72000E+03 3.39100E+04 8.65000E+03 2.67866E+04
 1.00019E+03 3.99899E+02 1.08894E+05 1.12279E+01 6.40180E-02 4.72000E+03 3.39100E+04 8.65000E+03 2.67866E+04
 1.10019E+03 4.09893E+02 1.10364E+05 1.12279E+01 6.40180E-02 4.72000E+03 3.39100E+04 8.65000E+03 2.67866E+04
 1.20019E+03 4.19887E+02 1.11940E+05 1.12279E+01 6.40180E-02 4.72000E+03 3.39100E+04 8.65000E+03 2.67866E+04
 1.30019E+03 4.29881E+02 1.13618E+05 1.12279E+01 6.40180E-02 4.72000E+03 3.39100E+04 8.65000E+03 2.67866E+04
 1.40019E+03 4.39875E+02 1.15396E+05 1.12279E+01 6.40180E-02 4.72000E+03 3.39100E+04 8.65000E+03 2.67866E+04
 1.50019E+03 4.49869E+02 1.17270E+05 1.12279E+01 6.40180E-02 4.72000E+03 3.39100E+04 8.65000E+03 2.67866E+04
 1.60019E+03 4.59863E+02 1.19239E+05 1.12279E+01 6.40180E-02 4.72000E+03 3.39100E+04 8.65000E+03 2.67866E+04
 1.70019E+03 4.69856E+02 1.21298E+05 1.12279E+01 6.40180E-02 4.72000E+03 3.39100E+04 8.65000E+03 2.67866E+04
 1.80019E+03 4.79850E+02 1.23443E+05 1.12279E+01 6.40180E-02 4.72000E+03 3.39100E+04 8.65000E+03 2.67866E+04
 1.90019E+03 4.89844E+02 1.25670E+05 1.12279E+01 6.40180E-02 4.72000E+03 3.39100E+04 8.65000E+03 2.67866E+04
 2.00019E+03 4.99838E+02 1.27975E+05 1.12279E+01 6.40180E-02 4.72000E+03 3.39100E+04 8.65000E+03 2.67866E+04
 2.10019E+03 5.09832E+02 1.30284E+05 1.12279E+01 6.40180E-02 4.72000E+03 3.39100E+04 8.65000E+03 2.67866E+04
 2.20019E+03 5.19825E+02 1.32538E+05 1.12279E+01 6.40180E-02 4.72000E+03 3.39100E+04 8.65000E+03 2.67866E+04
 2.30019E+03 5.29818E+02 1.34746E+05 1.12279E+01 6.40180E-02 4.72000E+03 3.39100E+04 8.65000E+03 2.67866E+04
 2.40019E+03 5.39811E+02 1.36914E+05 1.12279E+01 6.40180E-02 4.72000E+03 3.39100E+04 8.65000E+03 2.67866E+04
 2.50019E+03 5.49803E+02 1.39044E+05 1.12279E+01 6.40180E-02 4.72000E+03 3.39100E+04 8.65000E+03 2.67866E+04
 2.60019E+03 5.59795E+02 1.41140E+05 1.12279E+01 6.40180E-02 4.72000E+03 3.39100E+04 8.65000E+03 2.67866E+04
 2.70019E+03 5.69787E+02 1.43208E+05 1.12279E+01 6.40180E-02 4.72000E+03 3.39100E+04 8.65000E+03 2.67866E+04
 2.80019E+03 5.79779E+02 1.45250E+05 1.12279E+01 6.40180E-02 4.72000E+03 3.39100E+04 8.65000E+03 2.67866E+04
 2.90019E+03 5.89770E+02 1.47272E+05 1.12279E+01 6.40179E-02 4.72000E+03 3.39100E+04 8.65000E+03 2.67866E+04
 3.00019E+03 5.99761E+02 1.49277E+05 1.12279E+01 6.40179E-02 4.72000E+03 3.39100E+04 8.65000E+03 2.67866E+04
 3.10019E+03 6.09751E+02 1.51269E+05 1.12279E+01 6.40178E-02 4.72000E+03 3.39100E+04 8.65000E+03 2.67866E+04
 3.20019E+03 6.19741E+02 1.53251E+05 1.12279E+01 6.40176E-02 4.72000E+03 3.39100E+04 8.65000E+03 2.67866E+04
 3.30019E+03 6.29731E+02 1.55228E+05 1.12279E+01 6.40172E-02 4.72000E+03 3.39100E+04 8.65000E+03 2.67866E+04
 3.40019E+03 6.39721E+02 1.57202E+05 1.12279E+01 6.40167E-02 4.72000E+03 3.39100E+04 8.65000E+03 2.67866E+04
 3.50019E+03 6.49710E+02 1.59177E+05 1.12279E+01 6.40152E-02 4.72000E+03 3.39100E+04 8.65000E+03 2.67866E+04
 3.60019E+03 6.59699E+02 1.61156E+05 1.12279E+01 6.40138E-02 4.72000E+03 3.39100E+04 8.65000E+03 2.67866E+04
 3.70019E+03 6.69688E+02 1.63141E+05 1.12279E+01 6.40095E-02 4.72000E+03 3.39100E+04 8.65000E+03 2.67866E+04
 3.80019E+03 6.79676E+02 1.65138E+05 1.12279E+01 6.40051E-02 4.72000E+03 3.39100E+04 8.65000E+03 2.67866E+04
 3.90019E+03 6.89664E+02 1.67140E+05 1.12279E+01 6.39932E-02 4.72000E+03 3.39100E+04 8.65000E+03 2.67866E+04
 4.00019E+03 6.99652E+02 1.69145E+05 1.12279E+01 6.39813E-02 4.72000E+03 3.39100E+04 8.65000E+03 2.67866E+04
 4.10019E+03 7.09639E+02 1.71150E+05 1.12278E+01 6.39504E-02 4.72000E+03 3.39100E+04 8.65000E+03 2.67866E+04
 4.20019E+03 7.19626E+02 1.73163E+05 1.12278E+01 6.39196E-02 4.72000E+03 3.39100E+04 8.65000E+03 2.67866E+04
 4.30019E+03 7.29612E+02 1.75196E+05 1.12277E+01 6.38438E-02 4.72000E+03 3.39100E+04 8.65000E+03 2.67866E+04
 4.40019E+03 7.39598E+02 1.77218E+05 1.12276E+01 6.37682E-02 4.72000E+03 3.39100E+04 8.65000E+03 2.67866E+04
 4.50019E+03 7.49584E+02 1.79228E+05 1.12276E+01 6.37199E-02 4.72000E+03 3.39100E+04 8.65000E+03 2.67866E+04
 4.60019E+03 7.59569E+02 1.81228E+05 1.12275E+01 6.36724E-02 4.72000E+03 3.39100E+04 8.65000E+03 2.67866E+04
 4.70019E+03 7.69554E+02 1.83222E+05 1.12275E+01 6.36417E-02 4.72000E+03 3.39100E+04 8.65000E+03 2.67866E+04
 4.80019E+03 7.79539E+02 1.85212E+05 1.12275E+01 6.36118E-02 4.72000E+03 3.39100E+04 8.65000E+03 2.67866E+04
 4.90019E+03 7.89523E+02 1.87198E+05 1.12275E+01 6.36115E-02 4.72000E+03 3.39100E+04 8.65000E+03 2.67866E+04
 5.00019E+03 7.99507E+02 1.89181E+05 1.12275E+01 6.36115E-02 4.72000E+03 3.39100E+04 8.65000E+03 2.67866E+04
 5.10019E+03 8.09490E+02 1.91161E+05 1.12275E+01 6.36115E-02 4.72000E+03 3.39100E+04 8.65000E+03 2.67866E+04
 5.20019E+03 8.19472E+02 1.93138E+05 1.12275E+01 6.36115E-02 4.72000E+03 3.39100E+04 8.65000E+03 2.67866E+04
 5.30019E+03 8.29455E+02 1.95115E+05 1.12275E+01 6.36114E-02 4.72000E+03 3.39100E+04 8.65000E+03 2.67866E+04
 5.40019E+03 8.39437E+02 1.97093E+05 1.12275E+01 6.36114E-02 4.72000E+03 3.39100E+04 8.65000E+03 2.67866E+04
 5.50019E+03 8.49418E+02 1.99073E+05 1.12275E+01 6.36114E-02 4.72000E+03 3.39100E+04 8.65000E+03 2.67866E+04
 5.60019E+03 8.59399E+02 2.01057E+05 1.12275E+01 6.36114E-02 4.72000E+03 3.39100E+04 8.65000E+03 2.67866E+04
 5.70019E+03 8.69380E+02 2.03045E+05 1.12275E+01 6.36114E-02 4.72000E+03 3.39100E+04 8.65000E+03 2.67866E+04
 5.80019E+03 8.79360E+02 2.05038E+05 1.12275E+01 6.36114E-02 4.72000E+03 3.39100E+04 8.65000E+03 2.67866E+04
 5.90019E+03 8.89340E+02 2.07037E+05 1.12275E+01 6.36114E-02 4.72000E+03 3.39100E+04 8.65000E+03 2.67866E+04
 6.00019E+03 8.99320E+02 2.09043E+05 1.12275E+01 6.36114E-02 4.72000E+03 3.39100E+04 8.65000E+03 2.67866E+04
 6.10019E+03 9.09299E+02 2.11055E+05 1.12275E+01 6.36114E-02 4.72000E+03 3.39100E+04 8.65000E+03 2.67866E+04
 6.20019E+03 9.19277E+02 2.13076E+05 1.12275E+01 6.36114E-02 4.72000E+03 3.39100E+04 8.65000E+03 2.67866E+04
 6.30019E+03 9.29256E+02 2.15104E+05 1.12275E+01 6.36114E-02 4.72000E+03 3.39100E+04 8.65000E+03 2.67866E+04
 6.40019E+03 9.39233E+02 2.17140E+05 1.12275E+01 6.36113E-02 4.72000E+03 3.39100E+04 8.65000E+03 2.67866E+04
 6.50019E+03 9.49211E+02 2.19186E+05 1.12275E+01 6.36113E-02 4.72000E+03 3.39100E+04 8.65000E+03 2.67866E+04
 6.60019E+03 9.59188E+02 2.21240E+05 1.12275E+01 6.36113E-02 4.72000E+03 3.39100E+04 8.65000E+03 2.67866E+04
 6.70019E+03 9.69164E+02 2.23303E+05 1.12275E+01 6.36112E-02 4.72000E+03 3.39100E+04 8.65000E+03 2.67866E+04
 6.80019E+03 9.79140E+02 2.25376E+05 1.12275E+01 6.36112E-02 4.72000E+03 3.39100E+04 8.65000E+03 2.67865E+04
 6.90019E+03 9.89116E+02 2.27458E+05 1.12275E+01 6.36111E-02 4.72000E+03 3.39100E+04 8.65000E+03 2.67865E+04
 7.00019E+03 9.99091E+02 2.29550E+05 1.12275E+01 6.36110E-02 4.72000E+03 3.39100E+04 8.65000E+03 2.67865E+04
 7.10019E+03 1.00907E+03 2.31652E+05 1.12275E+01 6.36108E-02 4.72000E+03 3.39100E+04 8.65000E+03 2.67865E+04
 7.20019E+03 1.01904E+03 2.33765E+05 1.12275E+01 6.36107E-02 4.72000E+03 3.39100E+04 8.65000E+03 2.67865E+04
 7.30019E+03 1.02901E+03 2.35888E+05 1.12275E+01 6.36104E-02 4.72000E+03 3.39100E+04 8.65000E+03 2.67865E+04
 7.40019E+03 1.03899E+03 2.38021E+05 1.12275E+01 6.36102E-02 4.72000E+03 3.39100E+04 8.65000E+03 2.67865E+04
 7.50019E+03 1.04896E+03 2.40166E+05 1.12275E+01 6.36097E-02 4.72000E+03 3.39100E+04 8.65000E+03 2.67865E+04
 7.60019E+03 1.05893E+03 2.42321E+05 1.12275E+01 6.36093E-02 4.72000E+03 3.39100E+04 8.65000E+03 2.67865E+04
 7.70019E+03 1.06890E+03 2.44488E+05 1.12275E+01 6.36087E-02 4.72000E+03 3.39100E+04 8.65000E+03 2.67865E+04
 7.80019E+03 1.07888E+03 2.46667E+05 1.12275E+01 6.36080E-02 4.72000E+03 3.39100E+04 8.65000E+03 2.67865E+04
 7.90019E+03 1.08885E+03 2.48857E+05 1.12275E+01 6.36071E-02 4.72000E+03 3.39100E+04 8.65000E+03 2.67865E+04
 8.00019E+03 1.09882E+03 2.51058E+05 1.12275E+01 6.36061E-02 4.72000E+03 3.39100E+04 8.65000E+03 2.67865E+04
 8.10019E+03 1.10879E+03 2.53271E+05 1.12275E+01 6.36047E-02 4.72000E+03 3.39100E+04 8.65000E+03 2.67865E+04
 8.20019E+03 1.11876E+03 2.55496E+05 1.12275E+01 6.36033E-02 4.72000E+03 3.39100E+04 8.65000E+03 2.67865E+04
 8.30019E+03 1.12873E+03 2.57732E+05 1.12275E+01 6.36013E-02 4.72000E+03 3.39100E+04 8.65000E+03 2.67865E+04
 8.40019E+03 1.13870E+03 2.59980E+05 1.12275E+01 6.35993E-02 4.72000E+03 3.39100E+04 8.65000E+03 2.67865E+04
 8.50019E+03 1.14866E+03 2.62240E+05 1.12275E+01 6.35966E-02 4.72000E+03 3.39100E+04 8.65000E+03 2.67865E+04
 8.60019E+03 1.15863E+03 2.64512E+05 1.12275E+01 6.35939E-02 4.72000E+03 3.39100E+04 8.65000E+03 2.67865E+04
 8.70019E+03 1.16860E+03 2.66796E+05 1.12275E+01 6.35901E-02 4.72000E+03 3.39100E+04 8.65000E+03 2.67865E+04
 8.80019E+03 1.17857E+03 2.69092E+05 1.12274E+01 6.35865E-02 4.72000E+03 3.39100E+04 8.65000E+03 2.67865E+04
 8.90019E+03 1.18853E+03 2.71401E+05 1.12274E+01 6.35815E-02 4.72000E+03 3.39100E+04 8.65000E+03 2.67865E+04
 9.00019E+03 1.19850E+03 2.73722E+05 1.12274E+01 6.35767E-02 4.72000E+03 3.39100E+04 8.65000E+03 2.67865E+04
 9.10019E+03 1.20847E+03 2.76060E+05 1.12274E+01 6.35703E-02 4.72000E+03 3.39100E+04 8.65000E+03 2.67865E+04
 9.20019E+03 1.21843E+03 2.78412E+05 1.12274E+01 6.35640E-02 4.72000E+03 3.39100E+04 8.65000E+03 2.67865E+04
 9.30019E+03 1.22840E+03 2.80776E+05 1.12274E+01 6.35558E-02 4.72000E+03 3.39100E+04 8.65000E+03 2.67865E+04
 9.40019E+03 1.23836E+03 2.83153E+05 1.12274E+01 6.35478E-02 4.72000E+03 3.39100E+04 8.65000E+03 2.67865E+04
 9.50019E+03 1.24832E+03 2.85542E+05 1.12274E+01 6.35375E-02 4.71999E+03 3.39100E+04 8.65000E+03 2.67865E+04
 9.60019E+03 1.25829E+03 2.87944E+05 1.12274E+01 6.35275E-02 4.71999E+03 3.39100E+04 8.65000E+03 2.67865E+04
 9.70019E+03 1.26825E+03 2.90360E+05 1.12274E+01 6.35147E-02 4.71999E+03 3.39100E+04 8.65000E+03 2.67865E+04
 9.80019E+03 1.27822E+03 2.92790E+05 1.12274E+01 6.35023E-02 4.71999E+03 3.39100E+04 8.65000E+03 2.67865E+04
 9.90019E+03 1.28818E+03 2.95235E+05 1.12273E+01 6.34866E-02 4.71999E+03 3.39100E+04 8.65000E+03 2.67865E+04
 1.00002E+04 1.29814E+03 2.97693E+05 1.12273E+01 6.34713E-02 4.71999E+03 3.39100E+04 8.65000E+03 2.67865E+04
 1.01002E+04 1.30810E+03 3.00166E+05 1.12273E+01 6.34521E-02 4.71998E+03 3.39100E+04 8.64999E+03 2.67865E+04
 1.02002E+04 1.31807E+03 3.02654E+05 1.12273E+01 6.34336E-02 4.71998E+03 3.39100E+04 8.64999E+03 2.67865E+04
 1.03002E+04 1.32803E+03 3.05156E+05 1.12273E+01 6.34104E-02 4.71998E+03 3.39100E+04 8.64999E+03 2.67865E+04
 1.04002E+04 1.33799E+03 3.07673E+05 1.12272E+01 6.33880E-02 4.71998E+03 3.39100E+04 8.64999E+03 2.67865E+04
 1.05002E+04 1.34795E+03 3.10204E+05 1.12272E+01 6.33604E-02 4.71997E+03 3.39100E+04 8.64999E+03 2.67865E+04
 1.06002E+04 1.35791E+03 3.12749E+05 1.12272E+01 6.33335E-02 4.71997E+03 3.39100E+04 8.64999E+03 2.67865E+04
 1.07002E+04 1.36787E+03 3.15307E+05 1.12271E+01 6.33007E-02 4.71996E+03 3.39100E+04 8.64998E+03 2.67864E+04
 1.08002E+04 1.37783E+03 3.17878E+05 1.12271E+01 6.32688E-02 4.71995E+03 3.39100E+04 8.64998E+03 2.67864E+04
 1.09002E+04 1.38779E+03 3.20461E+05 1.12271E+01 6.32307E-02 4.71995E+03 3.39100E+04 8.64997E+03 2.67864E+04
 1.10002E+04 1.39775E+03 3.23058E+05 1.12270E+01 6.31935E-02 4.71994E+03 3.39100E+04 8.64997E+03 2.67864E+04
 1.11002E+04 1.40771E+03 3.25667E+05 1.12270E+01 6.31488E-02 4.71993E+03 3.39100E+04 8.64996E+03 2.67863E+04
 1.12002E+04 1.41767E+03 3.28288E+05 1.12269E+01 6.31052E-02 4.71992E+03 3.39100E+04 8.64996E+03 2.67863E+04
 1.13002E+04 1.42763E+03 3.30921E+05 1.12268E+01 6.30537E-02 4.71991E+03 3.39100E+04 8.64995E+03 2.67863E+04
 1.14002E+04 1.43759E+03 3.33564E+05 1.12268E+01 6.30039E-02 4.71989E+03 3.39099E+04 8.64994E+03 2.67862E+04
 1.15002E+04 1.44755E+03 3.36219E+05 1.12267E+01 6.29455E-02 4.71988E+03 3.39099E+04 8.64993E+03 2.67862E+04
 1.16002E+04 1.45751E+03 3.38884E+05 1.12266E+01 6.28893E-02 4.71986E+03 3.39099E+04 8.64992E+03 2.67861E+04
 1.17002E+04 1.46747E+03 3.41559E+05 1.12265E+01 6.28229E-02 4.71984E+03 3.39099E+04 8.64991E+03 2.67861E+04
 1.18002E+04 1.47743E+03 3.44242E+05 1.12264E+01 6.27583E-02 4.71982E+03 3.39099E+04 8.64989E+03 2.67860E+04
 1.19002E+04 1.48739E+03 3.46935E+05 1.12263E+01 6.26823E-02 4.71980E+03 3.39099E+04 8.64987E+03 2.67859E+04
 1.20002E+04 1.49735E+03 3.49634E+05 1.12262E+01 6.26084E-02 4.71977E+03 3.39099E+04 8.64985E+03 2.67859E+04
 1.21002E+04 1.49742E+03 3.52126E+05 1.12261E+01 6.25234E-02 4.71974E+03 3.39098E+04 8.64983E+03 2.67858E+04
 1.22002E+04 1.49745E+03 3.54164E+05 1.12260E+01 6.24403E-02 4.71971E+03 3.39098E+04 8.64981E+03 2.67857E+04
 1.23002E+04 1.49747E+03 3.55844E+05 1.12258E+01 6.23493E-02 4.71968E+03 3.39098E+04 8.64978E+03 2.67856E+04
 1.24002E+04 1.49749E+03 3.57260E+05 1.12257E+01 6.22599E-02 4.71965E+03 3.39098E+04 8.64975E+03 2.67855E+04
 1.25002E+04 1.49751E+03 3.58481E+05 1.12256E+01 6.21731E-02 4.71961E+03 3.39097E+04 8.64973E+03 2.67854E+04
 1.26002E+04 1.49753E+03 3.59556E+05 1.12254E+01 6.20877E-02 4.71958E+03 3.39097E+04 8.64970E+03 2.67853E+04
 1.27002E+04 1.49755E+03 3.60517E+05 1.12253E+01 6.20032E-02 4.71955E+03 3.39097E+04 8.64968E+03 2.67852E+04
 1.28002E+04 1.49757E+03 3.61387E+05 1.12252E+01 6.19199E-02 4.71952E+03 3.39097E+04 8.64965E+03 2.67851E+04
 1.29002E+04 1.49759E+03 3.62196E+05 1.12251E+01 6.18387E-02 4.71948E+03 3.39096E+04 8.64963E+03 2.67850E+04
 1.30002E+04 1.49761E+03 3.62951E+05 1.12249E+01 6.17585E-02 4.71945E+03 3.39096E+04 8.64960E+03 2.67849E+04
 1.31002E+04 1.49763E+03 3.63671E+05 1.12248E+01 6.16789E-02 4.71942E+03 3.39096E+04 8.64958E+03 2.67848E+04
 1.32002E+04 1.49765E+03 3.64367E+05 1.12247E+01 6.16003E-02 4.71939E+03 3.39096E+04 8.64955E+03 2.67847E+04
 1.33002E+04 1.49766E+03 3.65047E+05 1.12246E+01 6.15235E-02 4.71936E+03 3.39096E+04 8.64953E+03 2.67846E+04
 1.34002E+04 1.49768E+03 3.65713E+05 1.12245E+01 6.14476E-02 4.71933E+03 3.39095E+04 8.64951E+03 2.67845E+04
 1.35002E+04 1.49770E+03 3.66366E+05 1.12244E+01 6.13734E-02 4.71929E+03 3.39095E+04 8.64948E+03 2.67844E+04
 1.36002E+04 1.49772E+03 3.67008E+05 1.12243E+01 6.13000E-02 4.71926E+03 3.39095E+04 8.64946E+03 2.67843E+04
 1.37002E+04 1.49773E+03 3.67639E+05 1.12242E+01 6.12269E-02 4.71923E+03 3.39095E+04 8.64944E+03 2.67842E+04
 1.38002E+04 1.49775E+03 3.68257E+05 1.12240E+01 6.11546E-02 4.71920E+03 3.39094E+04 8.64942E+03 2.67841E+04
 1.39002E+04 1.49777E+03 3.68863E+05 1.12239E+01 6.10837E-02 4.71917E+03 3.39094E+04 8.64940E+03 2.67840E+04
 1.40002E+04 1.49778E+03 3.69457E+05 1.12238E+01 6.10137E-02 4.71914E+03 3.39094E+04 8.64937E+03 2.67839E+04
 1.41002E+04 1.49780E+03 3.70038E+05 1.12237E+01 6.09443E-02 4.71911E+03 3.39094E+04 8.64935E+03 2.67838E+04
 1.42002E+04 1.49781E+03 3.70605E+05 1.12236E+01 6.08757E-02 4.71908E+03 3.39093E+04 8.64933E+03 2.67837E+04
 1.43002E+04 1.49783E+03 3.71159E+05 1.12235E+01 6.08085E-02 4.71905E+03 3.39093E+04 8.64931E+03 2.67836E+04
 1.44002E+04 1.49784E+03 3.71699E+05 1.12234E+01 6.07419E-02 4.71902E+03 3.39093E+04 8.64929E+03 2.67835E+04
 1.45002E+04 1.49785E+03 3.72225E+05 1.12233E+01 6.06760E-02 4.71899E+03 3.39093E+04 8.64927E+03 2.67834E+04
 1.46002E+04 1.49787E+03 3.72738E+05 1.12232E+01 6.06108E-02 4.71896E+03 3.39093E+04 8.64925E+03 2.67833E+04
 1.47002E+04 1.49788E+03 3.73236E+05 1.12231E+01 6.05468E-02 4.71893E+03 3.39092E+04 8.64923E+03 2.67832E+04
 1.48002E+04 1.49789E+03 3.73720E+05 1.12230E+01 6.04834E-02 4.71890E+03 3.39092E+04 8.64922E+03 2.67831E+04
 1.49002E+04 1.49790E+03 3.74190E+05 1.12229E+01 6.04206E-02 4.71887E+03 3.39092E+04 8.64920E+03 2.67831E+04
 1.50002E+04 1.49792E+03 3.74647E+05 1.12228E+01 6.03582E-02 4.71884E+03 3.39092E+04 8.64918E+03 2.67830E+04
 1.51002E+04 1.49793E+03 3.75089E+05 1.12227E+01 6.02949E-02 4.71882E+03 3.39091E+04 8.64916E+03 2.67829E+04
 1.52002E+04 1.49794E+03 3.75518E+05 1.12227E+01 6.02321E-02 4.71879E+03 3.39091E+04 8.64914E+03 2.67828E+04
 1.53002E+04 1.49795E+03 3.75934E+05 1.12226E+01 6.01703E-02 4.71876E+03 3.39091E+04 8.64913E+03 2.67827E+04
 1.54002E+04 1.49796E+03 3.76337E+05 1.12225E+01 6.01090E-02 4.71873E+03 3.39091E+04 8.64911E+03 2.67826E+04
 1.55002E+04 1.49797E+03 3.76726E+05 1.12224E+01 6.00488E-02 4.71870E+03 3.39091E+04 8.64909E+03 2.67825E+04
 1.56002E+04 1.49798E+03 3.77103E+05 1.12223E+01 5.99890E-02 4.71867E+03 3.39090E+04 8.64908E+03 2.67824E+04
 1.57002E+04 1.49799E+03 3.77467E+05 1.12222E+01 5.99302E-02 4.71864E+03 3.39090E+04 8.64906E+03 2.67823E+04
 1.58002E+04 1.49800E+03 3.77819E+05 1.12221E+01 5.98717E-02 4.71861E+03 3.39090E+04 8.64905E+03 2.67823E+04
 1.59002E+04 1.49801E+03 3.78160E+05 1.12220E+01 5.98137E-02 4.71859E+03 3.39090E+04 8.64903E+03 2.67822E+04
 1.60002E+04 1.49802E+03 3.78488E+05 1.12219E+01 5.97559E-02 4.71856E+03 3.39090E+04 8.64902E+03 2.67821E+04
 1.61002E+04 1.49803E+03 3.78805E+05 1.12218E+01 5.96977E-02 4.71853E+03 3.39089E+04 8.64900E+03 2.67820E+04
 1.62002E+04 1.49804E+03 3.79112E+05 1.12217E+01 5.96398E-02 4.71850E+03 3.39089E+04 8.64899E+03 2.67819E+04
 1.63002E+04 1.49804E+03 3.79407E+05 1.12217E+01 5.95822E-02 4.71847E+03 3.39089E+04 8.64897E+03 2.67818E+04
 1.64002E+04 1.49805E+03 3.79692E+05 1.12216E+01 5.95249E-02 4.71845E+03 3.39089E+04 8.64896E+03 2.67817E+04
 1.65002E+04 1.49806E+03 3.79967E+05 1.12215E+01 5.94686E-02 4.71842E+03 3.39088E+04 8.64894E+03 2.67817E+04
 1.66002E+04 1.49807E+03 3.80232E+05 1.12214E+01 5.94125E-02 4.71839E+03 3.39088E+04 8.64893E+03 2.67816E+04
 1.67002E+04 1.49807E+03 3.80487E+05 1.12213E+01 5.93552E-02 4.71836E+03 3.39088E+04 8.64891E+03 2.67815E+04
 1.68002E+04 1.49808E+03 3.80733E+05 1.12212E+01 5.92981E-02 4.71833E+03 3.39088E+04 8.64890E+03 2.67814E+04
 1.69002E+04 1.49809E+03 3.80970E+05 1.12211E+01 5.92420E-02 4.71831E+03 3.39088E+04 8.64889E+03 2.67813E+04
 1.70002E+04 1.49809E+03 3.81198E+05 1.12211E+01 5.91861E-02 4.71828E+03 3.39087E+04 8.64887E+03 2.67812E+04
 1.71002E+04 1.49810E+03 3.81418E+05 1.12210E+01 5.91318E-02 4.71825E+03 3.39087E+04 8.64886E+03 2.67812E+04
 1.72002E+04 1.49810E+03 3.81630E+05 1.12209E+01 5.90776E-02 4.71822E+03 3.39087E+04 8.64885E+03 2.67811E+04
 1.73002E+04 1.49811E+03 3.81834E+05 1.12208E+01 5.90216E-02 4.71820E+03 3.39087E+04 8.64883E+03 2.67810E+04
 1.74002E+04 1.49811E+03 3.82030E+05 1.12207E+01 5.89658E-02 4.71817E+03 3.39087E+04 8.64882E+03 2.67809E+04
 1.75002E+04 1.49812E+03 3.82218E+05 1.12206E+01 5.89115E-02 4.71814E+03 3.39086E+04 8.64880E+03 2.67808E+04
 1.76002E+04 1.49812E+03 3.82400E+05 1.12205E+01 5.88574E-02 4.71811E+03 3.39086E+04 8.64879E+03 2.67807E+04
 1.77002E+04 1.49813E+03 3.82574E+05 1.12205E+01 5.88034E-02 4.71809E+03 3.39086E+04 8.64878E+03 2.67807E+04
 1.78002E+04 1.49813E+03 3.82742E+05 1.12204E+01 5.87496E-02 4.71806E+03 3.39086E+04 8.64876E+03 2.67806E+04
 1.79002E+04 1.49814E+03 3.82904E+05 1.12203E+01 5.86952E-02 4.71803E+03 3.39086E+04 8.64875E+03 2.67805E+04
 1.80002E+04 1.49814E+03 3.83059E+05 1.12202E+01 5.86410E-02 4.71801E+03 3.39085E+04 8.64874E+03 2.67804E+04
 1.81002E+04 1.49815E+03 3.83208E+05 1.12201E+01 5.85876E-02 4.71798E+03 3.39085E+04 8.64872E+03 2.67803E+04
 1.82002E+04 1.49815E+03 3.83352E+05 1.12201E+01 5.85344E-02 4.71795E+03 3.39085E+04 8.64871E+03 2.67802E+04
 1.83002E+04 1.49815E+03 3.83489E+05 1.12200E+01 5.84819E-02 4.71792E+03 3.39085E+04 8.64870E+03 2.67802E+04
 1.84002E+04 1.49816E+03 3.83622E+05 1.12199E+01 5.84295E-02 4.71790E+03 3.39085E+04 8.64868E+03 2.67801E+04
 1.85002E+04 1.49816E+03 3.83749E+05 1.12198E+01 5.83758E-02 4.71787E+03 3.39084E+04 8.64867E+03 2.67800E+04
 1.86002E+04 1.49816E+03 3.83872E+05 1.12197E+01 5.83223E-02 4.71784E+03 3.39084E+04 8.64866E+03 2.67799E+04
 1.87002E+04 1.49817E+03 3.83989E+05 1.12196E+01 5.82695E-02 4.71782E+03 3.39084E+04 8.64864E+03 2.67798E+04
 1.88002E+04 1.49817E+03 3.84102E+05 1.12196E+01 5.82169E-02 4.71779E+03 3.39084E+04 8.64863E+03 2.67797E+04
 1.89002E+04 1.49817E+03 3.84211E+05 1.12195E+01 5.81656E-02 4.71776E+03 3.39084E+04 8.64862E+03 2.67797E+04
 1.90002E+04 1.49818E+03 3.84315E+05 1.12194E+01 5.81144E-02 4.71773E+03 3.39084E+04 8.64860E+03 2.67796E+04
 1.91002E+04 1.49818E+03 3.84416E+05 1.12193E+01 5.80620E-02 4.71771E+03 3.39083E+04 8.64859E+03 2.67795E+04
 1.92002E+04 1.49818E+03 3.84512E+05 1.12192E+01 5.80096E-02 4.71768E+03 3.39083E+04 8.64858E+03 2.67794E+04
 1.93002E+04 1.49818E+03 3.84604E+05 1.12192E+01 5.79580E-02 4.71765E+03 3.39083E+04 8.64856E+03 2.67793E+04
 1.94002E+04 1.49819E+03 3.84693E+05 1.12191E+01 5.79064E-02 4.71763E+03 3.39083E+04 8.64855E+03 2.67793E+04
 1.95002E+04 1.49819E+03 3.84778E+05 1.12190E+01 5.78556E-02 4.71760E+03 3.39083E+04 8.64854E+03 2.67792E+04
 1.96002E+04 1.49819E+03 3.84860E+05 1.12189E+01 5.78049E-02 4.71757E+03 3.39082E+04 8.64852E+03 2.67791E+04
 1.97002E+04 1.49819E+03 3.84938E+05 1.12188E+01 5.77535E-02 4.71755E+03 3.39082E+04 8.64851E+03 2.67790E+04
 1.98002E+04 1.49820E+03 3.85014E+05 1.12188E+01 5.77021E-02 4.71752E+03 3.39082E+04 8.64849E+03 2.67789E+04
 1.99002E+04 1.49820E+03 3.85086E+05 1.12187E+01 5.76515E-02 4.71749E+03 3.39082E+04 8.64848E+03 2.67788E+04
 2.00002E+04 1.49820E+03 3.85156E+05 1.12186E+01 5.76008E-02 4.71747E+03 3.39082E+04 8.64847E+03 2.67788E+04
 2.01002E+04 1.49820E+03 3.85223E+05 1.12185E+01 5.75510E-02 4.71744E+03 3.39081E+04 8.64845E+03 2.67787E+04
 2.02002E+04 1.49820E+03 3.85287E+05 1.12184E+01 5.75012E-02 4.71741E+03 3.39081E+04 8.64844E+03 2.67786E+04
 2.03002E+04 1.49820E+03 3.85348E+05 1.12184E+01 5.74498E-02 4.71739E+03 3.39081E+04 8.64843E+03 2.67785E+04
 2.04002E+04 1.49821E+03 3.85407E+05 1.12183E+01 5.73986E-02 4.71736E+03 3.39081E+04 8.64841E+03 2.67784E+04
 2.05002E+04 1.49821E+03 3.85464E+05 1.12182E+01 5.73487E-02 4.71733E+03 3.39081E+04 8.64840E+03 2.67784E+04
 2.06002E+04 1.49821E+03 3.85518E+05 1.12181E+01 5.72989E-02 4.71731E+03 3.39080E+04 8.64839E+03 2.67783E+04
 2.07002E+04 1.49821E+03 3.85570E+05 1.12181E+01 5.72477E-02 4.71728E+03 3.39080E+04 8.64837E+03 2.67782E+04
 2.08002E+04 1.49821E+03 3.85620E+05 1.12180E+01 5.71966E-02 4.71725E+03 3.39080E+04 8.64836E+03 2.67781E+04
 2.09002E+04 1.49821E+03 3.85668E+05 1.12179E+01 5.71461E-02 4.71723E+03 3.39080E+04 8.64834E+03 2.67780E+04
 2.10002E+04 1.49821E+03 3.85714E+05 1.12178E+01 5.70956E-02 4.71720E+03 3.39080E+04 8.64833E+03 2.67779E+04
 2.11002E+04 1.49822E+03 3.85758E+05 1.12177E+01 5.70465E-02 4.71717E+03 3.39080E+04 8.64832E+03 2.67779E+04
 2.12002E+04 1.49822E+03 3.85801E+05 1.12177E+01 5.69975E-02 4.71715E+03 3.39079E+04 8.64830E+03 2.67778E+04
 2.13002E+04 1.49822E+03 3.85842E+05 1.12176E+01 5.69471E-02 4.71712E+03 3.39079E+04 8.64829E+03 2.67777E+04
 2.14002E+04 1.49822E+03 3.85880E+05 1.12175E+01 5.68967E-02 4.71709E+03 3.39079E+04 8.64828E+03 2.67776E+04
 2.15002E+04 1.49822E+03 3.85918E+05 1.12174E+01 5.68470E-02 4.71707E+03 3.39079E+04 8.64826E+03 2.67775E+04
 2.16002E+04 1.49822E+03 3.85954E+05 1.12173E+01 5.67973E-02 4.71704E+03 3.39079E+04 8.64825E+03 2.67775E+04
 2.17002E+04 1.49822E+03 3.85988E+05 1.12173E+01 5.67489E-02 4.71701E+03 3.39078E+04 8.64823E+03 2.67774E+04
 2.18002E+04 1.49822E+03 3.86021E+05 1.12172E+01 5.67006E-02 4.71699E+03 3.39078E+04 8.64822E+03 2.67773E+04
 2.19002E+04 1.49822E+03 3.86053E+05 1.12171E+01 5.66500E-02 4.71696E+03 3.39078E+04 8.64821E+03 2.67772E+04
 2.20002E+04 1.49822E+03 3.86083E+05 1.12170E+01 5.65995E-02 4.71693E+03 3.39078E+04 8.64819E+03 2.67771E+04
 2.21002E+04 1.49823E+03 3.86112E+05 1.12170E+01 5.65504E-02 4.71691E+03 3.39078E+04 8.64818E+03 2.67771E+04
 2.22002E+04 1.49823E+03 3.86141E+05 1.12169E+01 5.65014E-02 4.71688E+03 3.39077E+04 8.64816E+03 2.67770E+04
 2.23002E+04 1.49823E+03 3.86168E+05 1.12168E+01 5.64515E-02 4.71685E+03 3.39077E+04 8.64815E+03 2.67769E+04
 2.24002E+04 1.49823E+03 3.86193E+05 1.12167E+01 5.64016E-02 4.71683E+03 3.39077E+04 8.64814E+03 2.67768E+04
 2.25002E+04 1.49823E+03 3.86218E+05 1.12166E+01 5.63517E-02 4.71680E+03 3.39077E+04 8.64812E+03 2.67767E+04
 2.26002E+04 1.49823E+03 3.86242E+05 1.12166E+01 5.63019E-02 4.71677E+03 3.39077E+04 8.64811E+03 2.67767E+04
 2.27002E+04 1.49823E+03 3.86264E+05 1.12165E+01 5.62535E-02 4.71675E+03 3.39076E+04 8.64810E+03 2.67766E+04
 2.28002E+04 1.49823E+03 3.86286E+05 1.12164E+01 5.62051E-02 4.71672E+03 3.39076E+04 8.64808E+03 2.67765E+04
 2.29002E+04 1.49823E+03 3.86307E+05 1.12163E+01 5.61550E-02 4.71670E+03 3.39076E+04 8.64807E+03 2.67764E+04
 2.30002E+04 1.49823E+03 3.86327E+05 1.12163E+01 5.61050E-02 4.71667E+03 3.39076E+04 8.64805E+03 2.67763E+04
 2.31002E+04 1.49823E+03 3.86346E+05 1.12162E+01 5.60564E-02 4.71664E+03 3.39076E+04 8.64804E+03 2.67763E+04
 2.32002E+04 1.49823E+03 3.86364E+05 1.12161E+01 5.60079E-02 4.71662E+03 3.39076E+04 8.64803E+03 2.67762E+04
 2.33002E+04 1.49823E+03 3.86382E+05 1.12160E+01 5.59577E-02 4.71659E+03 3.39075E+04 8.64801E+03 2.67761E+04
 2.34002E+04 1.49823E+03 3.86399E+05 1.12159E+01 5.59076E-02 4.71656E+03 3.39075E+04 8.64800E+03 2.67760E+04
 2.35002E+04 1.49823E+03 3.86415E+05 1.12159E+01 5.58581E-02 4.71654E+03 3.39075E+04 8.64798E+03 2.67759E+04
 2.36002E+04 1.49823E+03 3.86430E+05 1.12158E+01 5.58087E-02 4.71651E+03 3.39075E+04 8.64797E+03 2.67758E+04
 2.37002E+04 1.49824E+03 3.86445E+05 1.12157E+01 5.57607E-02 4.71648E+03 3.39075E+04 8.64795E+03 2.67758E+04
 2.38002E+04 1.49824E+03 3.86460E+05 1.12156E+01 5.57127E-02 4.71646E+03 3.39074E+04 8.64794E+03 2.67757E+04
 2.39002E+04 1.49824E+03 3.86473E+05 1.12156E+01 5.56631E-02 4.71643E+03 3.39074E+04 8.64793E+03 2.67756E+04
 2.40002E+04 1.49824E+03 3.86486E+05 1.12155E+01 5.56135E-02 4.71640E+03 3.39074E+04 8.64791E+03 2.67755E+04
 2.41002E+04 1.49824E+03 3.86499E+05 1.12154E+01 5.55647E-02 4.71638E+03 3.39074E+04 8.64790E+03 2.67754E+04
 2.42002E+04 1.49824E+03 3.86511E+05 1.12153E+01 5.55159E-02 4.71635E+03 3.39074E+04 8.64788E+03 2.67754E+04
 2.43002E+04 1.49824E+03 3.86523E+05 1.12152E+01 5.54684E-02 4.71633E+03 3.39074E+04 8.64787E+03 2.67753E+04
 2.44002E+04 1.49824E+03 3.86534E+05 1.12152E+01 5.54210E-02 4.71630E+03 3.39073E+04 8.64786E+03 2.67752E+04
 2.45002E+04 1.49824E+03 3.86544E+05 1.12151E+01 5.53727E-02 4.71627E+03 3.39073E+04 8.64784E+03 2.67751E+04
 2.46002E+04 1.49824E+03 3.86555E+05 1.12150E+01 5.53244E-02 4.71625E+03 3.39073E+04 8.64783E+03 2.67750E+04
 2.47002E+04 1.49824E+03 3.86565E+05 1.12149E+01 5.52760E-02 4.71622E+03 3.39073E+04 8.64781E+03 2.67750E+04
 2.48002E+04 1.49824E+03 3.86574E+05 1.12149E+01 5.52277E-02 4.71619E+03 3.39073E+04 8.64780E+03 2.67749E+04
 2.49002E+04 1.49824E+03 3.86583E+05 1.12148E+01 5.51783E-02 4.71617E+03 3.39072E+04 8.64779E+03 2.67748E+04
 2.50002E+04 1.49824E+03 3.86591E+05 1.12147E+01 5.51289E-02 4.71614E+03 3.39072E+04 8.64777E+03 2.67747E+04
 2.51002E+04 1.49824E+03 3.86600E+05 1.12146E+01 5.50804E-02 4.71611E+03 3.39072E+04 8.64776E+03 2.67746E+04
 2.52002E+04 1.49824E+03 3.86608E+05 1.12146E+01 5.50318E-02 4.71609E+03 3.39072E+04 8.64774E+03 2.67746E+04
 2.53002E+04 1.49824E+03 3.86616E+05 1.12145E+01 5.49840E-02 4.71606E+03 3.39072E+04 8.64773E+03 2.67745E+04
 2.54002E+04 1.49824E+03 3.86623E+05 1.12144E+01 5.49363E-02 4.71603E+03 3.39071E+04 8.64772E+03 2.67744E+04
 2.55002E+04 1.49824E+03 3.86630E+05 1.12143E+01 5.48875E-02 4.71601E+03 3.39071E+04 8.64770E+03 2.67743E+04
 2.56002E+04 1.49824E+03 3.86636E+05 1.12142E+01 5.48387E-02 4.71598E+03 3.39071E+04 8.64769E+03 2.67742E+04
 2.57002E+04 1.49824E+03 3.86643E+05 1.12142E+01 5.47906E-02 4.71596E+03 3.39071E+04 8.64767E+03 2.67742E+04
 2.58002E+04 1.49824E+03 3.86649E+05 1.12141E+01 5.47426E-02 4.71593E+03 3.39071E+04 8.64766E+03 2.67741E+04
 2.59002E+04 1.49824E+03 3.86655E+05 1.12140E+01 5.46934E-02 4.71590E+03 3.39071E+04 8.64764E+03 2.67740E+04
 2.60002E+04 1.49824E+03 3.86660E+05 1.12139E+01 5.46443E-02 4.71588E+03 3.39070E+04 8.64763E+03 2.67739E+04
 2.61002E+04 1.49824E+03 3.86666E+05 1.12139E+01 5.45960E-02 4.71585E+03 3.39070E+04 8.64762E+03 2.67738E+04
 2.62002E+04 1.49824E+03 3.86671E+05 1.12138E+01 5.45478E-02 4.71582E+03 3.39070E+04 8.64760E+03 2.67738E+04
 2.63002E+04 1.49824E+03 3.86676E+05 1.12137E+01 5.45003E-02 4.71580E+03 3.39070E+04 8.64759E+03 2.67737E+04
 2.64002E+04 1.49824E+03 3.86681E+05 1.12136E+01 5.44527E-02 4.71577E+03 3.39070E+04 8.64757E+03 2.67736E+04
 2.65002E+04 1.49824E+03 3.86685E+05 1.12135E+01 5.44042E-02 4.71574E+03 3.39069E+04 8.64756E+03 2.67735E+04
 2.66002E+04 1.49824E+03 3.86690E+05 1.12135E+01 5.43556E-02 4.71572E+03 3.39069E+04 8.64754E+03 2.67734E+04
 2.67002E+04 1.49824E+03 3.86694E+05 1.12134E+01 5.43070E-02 4.71569E+03 3.39069E+04 8.64753E+03 2.67733E+04
 2.68002E+04 1.49824E+03 3.86698E+05 1.12133E+01 5.42585E-02 4.71566E+03 3.39069E+04 8.64752E+03 2.67733E+04
 2.69002E+04 1.49824E+03 3.86702E+05 1.12132E+01 5.42114E-02 4.71564E+03 3.39069E+04 8.64750E+03 2.67732E+04
 2.70002E+04 1.49824E+03 3.86706E+05 1.12132E+01 5.41644E-02 4.71561E+03 3.39069E+04 8.64749E+03 2.67731E+04
 2.71002E+04 1.49824E+03 3.86709E+05 1.12131E+01 5.41163E-02 4.71559E+03 3.39068E+04 8.64747E+03 2.67730E+04
 2.72002E+04 1.49824E+03 3.86713E+05 1.12130E+01 5.40682E-02 4.71556E+03 3.39068E+04 8.64746E+03 2.67729E+04
 2.73002E+04 1.49824E+03 3.86716E+05 1.12129E+01 5.40208E-02 4.71553E+03 3.39068E+04 8.64745E+03 2.67729E+04
 2.74002E+04 1.49824E+03 3.86719E+05 1.12129E+01 5.39733E-02 4.71551E+03 3.39068E+04 8.64743E+03 2.67728E+04
 2.75002E+04 1.49824E+03 3.86722E+05 1.12128E+01 5.39242E-02 4.71548E+03 3.39068E+04 8.64742E+03 2.67727E+04
 2.76002E+04 1.49824E+03 3.86725E+05 1.12127E+01 5.38750E-02 4.71545E+03 3.39067E+04 8.64740E+03 2.67726E+04
 2.77002E+04 1.49824E+03 3.86728E+05 1.12126E+01 5.38275E-02 4.71543E+03 3.39067E+04 8.64739E+03 2.67725E+04
 2.78002E+04 1.49824E+03 3.86731E+05 1.12125E+01 5.37799E-02 4.71540E+03 3.39067E+04 8.64737E+03 2.67725E+04
 2.79002E+04 1.49824E+03 3.86733E+05 1.12125E+01 5.37331E-02 4.71537E+03 3.39067E+04 8.64736E+03 2.67724E+04
 2.80002E+04 1.49824E+03 3.86736E+05 1.12124E+01 5.36862E-02 4.71535E+03 3.39067E+04 8.64735E+03 2.67723E+04
 2.81002E+04 1.49824E+03 3.86738E+05 1.12123E+01 5.36375E-02 4.71532E+03 3.39066E+04 8.64733E+03 2.67722E+04
 2.82002E+04 1.49824E+03 3.86740E+05 1.12122E+01 5.35888E-02 4.71530E+03 3.39066E+04 8.64732E+03 2.67721E+04
 2.83002E+04 1.49824E+03 3.86743E+05 1.12122E+01 5.35408E-02 4.71527E+03 3.39066E+04 8.64730E+03 2.67721E+04
 2.84002E+04 1.49824E+03 3.86744E+05 1.12121E+01 5.34928E-02 4.71524E+03 3.39066E+04 8.64729E+03 2.67720E+04
 2.85002E+04 1.49824E+03 3.86746E+05 1.12120E+01 5.34437E-02 4.71522E+03 3.39066E+04 8.64727E+03 2.67719E+04
 2.86002E+04 1.49824E+03 3.86748E+05 1.12119E+01 5.33946E-02 4.71519E+03 3.39066E+04 8.64726E+03 2.67718E+04
 2.87002E+04 1.49824E+03 3.86750E+05 1.12119E+01 5.33472E-02 4.71516E+03 3.39065E+04 8.64725E+03 2.67717E+04
 2.88002E+04 1.49824E+03 3.86752E+05 1.12118E+01 5.32997E-02 4.71514E+03 3.39065E+04 8.64723E+03 2.67717E+04
 2.89002E+04 1.49824E+03 3.86753E+05 1.12117E+01 5.32523E-02 4.71511E+03 3.39065E+04 8.64722E+03 2.67716E+04
 2.90002E+04 1.49824E+03 3.86755E+05 1.12116E+01 5.32049E-02 4.71508E+03 3.39065E+04 8.64720E+03 2.67715E+04
 2.91002E+04 1.49824E+03 3.86756E+05 1.12115E+01 5.31564E-02 4.71506E+03 3.39065E+04 8.64719E+03 2.67714E+04
 2.92002E+04 1.49824E+03 3.86758E+05 1.12115E+01 5.31079E-02 4.71503E+03 3.39064E+04 8.64717E+03 2.67713E+04
 2.93002E+04 1.49824E+03 3.86759E+05 1.12114E+01 5.30610E-02 4.71500E+03 3.39064E+04 8.64716E+03 2.67713E+04
 2.94002E+04 1.49824E+03 3.86761E+05 1.12113E+01 5.30141E-02 4.71498E+03 3.39064E+04 8.64715E+03 2.67712E+04
 2.95002E+04 1.49824E+03 3.86762E+05 1.12112E+01 5.29642E-02 4.71495E+03 3.39064E+04 8.64713E+03 2.67711E+04
 2.96002E+04 1.49824E+03 3.86763E+05 1.12112E+01 5.29144E-02 4.71493E+03 3.39064E+04 8.64712E+03 2.67710E+04
 2.97002E+04 1.49824E+03 3.86764E+05 1.12111E+01 5.28663E-02 4.71490E+03 3.39064E+04 8.64710E+03 2.67709E+04
 2.98002E+04 1.49824E+03 3.86766E+05 1.12110E+01 5.28183E-02 4.71487E+03 3.39063E+04 8.64709E+03 2.67709E+04
 2.99002E+04 1.49824E+03 3.86767E+05 1.12109E+01 5.27719E-02 4.71485E+03 3.39063E+04 8.64707E+03 2.67708E+04
 3.00002E+04 1.49824E+03 3.86768E+05 1.12109E+01 5.27255E-02 4.71482E+03 3.39063E+04 8.64706E+03 2.67707E+04
 3.01002E+04 1.49824E+03 3.86769E+05 1.12108E+01 5.26770E-02 4.71479E+03 3.39063E+04 8.64705E+03 2.67706E+04
 3.02002E+04 1.49824E+03 3.86770E+05 1.12107E+01 5.26285E-02 4.71477E+03 3.39063E+04 8.64703E+03 2.67705E+04
 3.03002E+04 1.49824E+03 3.86771E+05 1.12106E+01 5.25810E-02 4.71474E+03 3.39062E+04 8.64702E+03 2.67705E+04
 3.04002E+04 1.49824E+03 3.86772E+05 1.12105E+01 5.25335E-02 4.71471E+03 3.39062E+04 8.64700E+03 2.67704E+04
 3.05002E+04 1.49824E+03 3.86773E+05 1.12105E+01 5.24838E-02 4.71469E+03 3.39062E+04 8.64699E+03 2.67703E+04
 3.06002E+04 1.49824E+03 3.86773E+05 1.12104E+01 5.24340E-02 4.71466E+03 3.39062E+04 8.64697E+03 2.67702E+04
 3.07002E+04 1.49824E+03 3.86774E+05 1.12103E+01 5.23861E-02 4.71464E+03 3.39062E+04 8.64696E+03 2.67701E+04
 3.08002E+04 1.49824E+03 3.86775E+05 1.12102E+01 5.23383E-02 4.71461E+03 3.39062E+04 8.64695E+03 2.67700E+04
 3.09002E+04 1.49824E+03 3.86775E+05 1.12102E+01 5.22921E-02 4.71458E+03 3.39061E+04 8.64693E+03 2.67700E+04
 3.10002E+04 1.49824E+03 3.86776E+05 1.12101E+01 5.22459E-02 4.71456E+03 3.39061E+04 8.64692E+03 2.67699E+04
 3.11002E+04 1.49824E+03 3.86777E+05 1.12100E+01 5.21966E-02 4.71453E+03 3.39061E+04 8.64690E+03 2.67698E+04
 3.12002E+04 1.49824E+03 3.86777E+05 1.12099E+01 5.21474E-02 4.71450E+03 3.39061E+04 8.64689E+03 2.67697E+04
 3.13002E+04 1.49824E+03 3.86778E+05 1.12099E+01 5.21000E-02 4.71448E+03 3.39061E+04 8.64687E+03 2.67696E+04
 3.14002E+04 1.49824E+03 3.86779E+05 1.12098E+01 5.20526E-02 4.71445E+03 3.39060E+04 8.64686E+03 2.67696E+04
 3.15002E+04 1.49824E+03 3.86779E+05 1.12097E+01 5.20068E-02 4.71442E+03 3.39060E+04 8.64685E+03 2.67695E+04
 3.16002E+04 1.49824E+03 3.86780E+05 1.12096E+01 5.19611E-02 4.71440E+03 3.39060E+04 8.64683E+03 2.67694E+04
 3.17002E+04 1.49824E+03 3.86780E+05 1.12095E+01 5.19124E-02 4.71437E+03 3.39060E+04 8.64682E+03 2.67693E+04
 3.18002E+04 1.49824E+03 3.86781E+05 1.12095E+01 5.18638E-02 4.71435E+03 3.39060E+04 8.64680E+03 2.67692E+04
 3.19002E+04 1.49824E+03 3.86781E+05 1.12094E+01 5.18169E-02 4.71432E+03 3.39060E+04 8.64679E+03 2.67692E+04
 3.20002E+04 1.49824E+03 3.86782E+05 1.12093E+01 5.17700E-02 4.71429E+03 3.39059E+04 8.64677E+03 2.67691E+04
 3.21002E+04 1.49824E+03 3.86782E+05 1.12092E+01 5.17219E-02 4.71427E+03 3.39059E+04 8.64676E+03 2.67690E+04
 3.22002E+04 1.49824E+03 3.86783E+05 1.12092E+01 5.16738E-02 4.71424E+03 3.39059E+04 8.64675E+03 2.67689E+04
 3.23002E+04 1.49824E+03 3.86783E+05 1.12091E+01 5.16264E-02 4.71421E+03 3.39059E+04 8.64673E+03 2.67688E+04
 3.24002E+04 1.49824E+03 3.86783E+05 1.12090E+01 5.15791E-02 4.71419E+03 3.39059E+04 8.64672E+03 2.67688E+04
 3.25002E+04 1.49824E+03 3.86784E+05 1.12089E+01 5.15327E-02 4.71416E+03 3.39058E+04 8.64670E+03 2.67687E+04
 3.26002E+04 1.49824E+03 3.86784E+05 1.12089E+01 5.14863E-02 4.71413E+03 3.39058E+04 8.64669E+03 2.67686E+04
 3.27002E+04 1.49824E+03 3.86784E+05 1.12088E+01 5.14376E-02 4.71411E+03 3.39058E+04 8.64667E+03 2.67685E+04
 3.28002E+04 1.49824E+03 3.86784E+05 1.12087E+01 5.13888E-02 4.71408E+03 3.39058E+04 8.64666E+03 2.67684E+04
 3.29002E+04 1.49824E+03 3.86785E+05 1.12086E+01 5.13420E-02 4.71406E+03 3.39058E+04 8.64665E+03 2.67684E+04
 3.30002E+04 1.49824E+03 3.86785E+05 1.12085E+01 5.12951E-02 4.71403E+03 3.39058E+04 8.64663E+03 2.67683E+04
 3.31002E+04 1.49824E+03 3.86785E+05 1.12085E+01 5.12470E-02 4.71400E+03 3.39057E+04 8.64662E+03 2.67682E+04
 3.32002E+04 1.49824E+03 3.86786E+05 1.12084E+01 5.11990E-02 4.71398E+03 3.39057E+04 8.64660E+03 2.67681E+04
 3.33002E+04 1.49824E+03 3.86786E+05 1.12083E+01 5.11508E-02 4.71395E+03 3.39057E+04 8.64659E+03 2.67680E+04
 3.34002E+04 1.49824E+03 3.86786E+05 1.12082E+01 5.11027E-02 4.71392E+03 3.39057E+04 8.64657E+03 2.67680E+04
 3.35002E+04 1.49824E+03 3.86786E+05 1.12082E+01 5.10564E-02 4.71390E+03 3.39057E+04 8.64656E+03 2.67679E+04
 3.36002E+04 1.49824E+03 3.86787E+05 1.12081E+01 5.10102E-02 4.71387E+03 3.39056E+04 8.64655E+03 2.67678E+04
 3.37002E+04 1.49824E+03 3.86787E+05 1.12080E+01 5.09626E-02 4.71384E+03 3.39056E+04 8.64653E+03 2.67677E+04
 3.38002E+04 1.49824E+03 3.86787E+05 1.12079E+01 5.09150E-02 4.71382E+03 3.39056E+04 8.64652E+03 2.67676E+04
 3.39002E+04 1.49824E+03 3.86787E+05 1.12079E+01 5.08673E-02 4.71379E+03 3.39056E+04 8.64650E+03 2.67676E+04
 3.40002E+04 1.49824E+03 3.86788E+05 1.12078E+01 5.08197E-02 4.71377E+03 3.39056E+04 8.64649E+03 2.67675E+04
 3.41002E+04 1.49824E+03 3.86788E+05 1.12077E+01 5.07706E-02 4.71374E+03 3.39056E+04 8.64647E+03 2.67674E+04
 3.42002E+04 1.49824E+03 3.86788E+05 1.12076E+01 5.07215E-02 4.71371E+03 3.39055E+04 8.64646E+03 2.67673E+04
 3.43002E+04 1.49824E+03 3.86788E+05 1.12075E+01 5.06744E-02 4.71369E+03 3.39055E+04 8.64645E+03 2.67672E+04
 3.44002E+04 1.49824E+03 3.86788E+05 1.12075E+01 5.06274E-02 4.71366E+03 3.39055E+04 8.64643E+03 2.67672E+04
 3.45002E+04 1.49824E+03 3.86788E+05 1.12074E+01 5.05812E-02 4.71363E+03 3.39055E+04 8.64642E+03 2.67671E+04
 3.46002E+04 1.49824E+03 3.86789E+05 1.12073E+01 5.05351E-02 4.71361E+03 3.39055E+04 8.64640E+03 2.67670E+04
 3.47002E+04 1.49824E+03 3.86789E+05 1.12072E+01 5.04866E-02 4.71358E+03 3.39054E+04 8.64639E+03 2.67669E+04
 3.48002E+04 1.49824E+03 3.86789E+05 1.12072E+01 5.04381E-02 4.71355E+03 3.39054E+04 8.64637E+03 2.67668E+04
 3.49002E+04 1.49824E+03 3.86789E+05 1.12071E+01 5.03906E-02 4.71353E+03 3.39054E+04 8.64636E+03 2.67668E+04
 3.50002E+04 1.49824E+03 3.86789E+05 1.12070E+01 5.03430E-02 4.71350E+03 3.39054E+04 8.64635E+03 2.67667E+04
 3.51002E+04 1.49824E+03 3.86789E+05 1.12069E+01 5.02940E-02 4.71348E+03 3.39054E+04 8.64633E+03 2.67666E+04
 3.52002E+04 1.49824E+03 3.86789E+05 1.12069E+01 5.02449E-02 4.71345E+03 3.39054E+04 8.64632E+03 2.67665E+04
 3.53002E+04 1.49824E+03 3.86789E+05 1.12068E+01 5.01980E-02 4.71342E+03 3.39053E+04 8.64630E+03 2.67664E+04
 3.54002E+04 1.49824E+03 3.86790E+05 1.12067E+01 5.01510E-02 4.71340E+03 3.39053E+04 8.64629E+03 2.67664E+04
 3.55002E+04 1.49824E+03 3.86790E+05 1.12066E+01 5.01040E-02 4.71337E+03 3.39053E+04 8.64627E+03 2.67663E+04
 3.56002E+04 1.49824E+03 3.86790E+05 1.12065E+01 5.00570E-02 4.71334E+03 3.39053E+04 8.64626E+03 2.67662E+04
 3.57002E+04 1.49824E+03 3.86790E+05 1.12065E+01 5.00084E-02 4.71332E+03 3.39053E+04 8.64625E+03 2.67661E+04
 3.58002E+04 1.49824E+03 3.86790E+05 1.12064E+01 4.99599E-02 4.71329E+03 3.39053E+04 8.64623E+03 2.67660E+04
 3.59002E+04 1.49824E+03 3.86790E+05 1.12063E+01 4.99136E-02 4.71326E+03 3.39052E+04 8.64622E+03 2.67660E+04
 3.60002E+04 1.49824E+03 3.86790E+05 1.12062E+01 4.98672E-02 4.71324E+03 3.39052E+04 8.64620E+03 2.67659E+04
 3.61002E+04 1.49824E+03 3.86790E+05 1.12062E+01 4.98171E-02 4.71321E+03 3.39052E+04 8.64619E+03 2.67658E+04
 3.62002E+04 1.49824E+03 3.86790E+05 1.12061E+01 4.97670E-02 4.71318E+03 3.39052E+04 8.64617E+03 2.67657E+04
 3.63002E+04 1.49824E+03 3.86790E+05 1.12060E+01 4.97191E-02 4.71316E+03 3.39052E+04 8.64616E+03 2.67656E+04
 3.64002E+04 1.49824E+03 3.86790E+05 1.12059E+01 4.96713E-02 4.71313E+03 3.39051E+04 8.64615E+03 2.67655E+04
 3.65002E+04 1.49824E+03 3.86790E+05 1.12059E+01 4.96255E-02 4.71311E+03 3.39051E+04 8.64613E+03 2.67655E+04
 3.66002E+04 1.49824E+03 3.86791E+05 1.12058E+01 4.95797E-02 4.71308E+03 3.39051E+04 8.64612E+03 2.67654E+04
 3.67002E+04 1.49824E+03 3.86791E+05 1.12057E+01 4.95313E-02 4.71305E+03 3.39051E+04 8.64610E+03 2.67653E+04
 3.68002E+04 1.49824E+03 3.86791E+05 1.12056E+01 4.94828E-02 4.71303E+03 3.39051E+04 8.64609E+03 2.67652E+04
 3.69002E+04 1.49824E+03 3.86791E+05 1.12055E+01 4.94354E-02 4.71300E+03 3.39051E+04 8.64607E+03 2.67651E+04
 3.70002E+04 1.49824E+03 3.86791E+05 1.12055E+01 4.93881E-02 4.71297E+03 3.39050E+04 8.64606E+03 2.67651E+04
 3.71002E+04 1.49824E+03 3.86791E+05 1.12054E+01 4.93428E-02 4.71295E+03 3.39050E+04 8.64605E+03 2.67650E+04
 3.72002E+04 1.49824E+03 3.86791E+05 1.12053E+01 4.92975E-02 4.71292E+03 3.39050E+04 8.64603E+03 2.67649E+04
 3.73002E+04 1.49824E+03 3.86791E+05 1.12052E+01 4.92496E-02 4.71289E+03 3.39050E+04 8.64602E+03 2.67648E+04
 3.74002E+04 1.49824E+03 3.86791E+05 1.12052E+01 4.92018E-02 4.71287E+03 3.39050E+04 8.64600E+03 2.67647E+04
 3.75002E+04 1.49824E+03 3.86791E+05 1.12051E+01 4.91550E-02 4.71284E+03 3.39049E+04 8.64599E+03 2.67647E+04
 3.76002E+04 1.49824E+03 3.86791E+05 1.12050E+01 4.91083E-02 4.71282E+03 3.39049E+04 8.64597E+03 2.67646E+04
 3.77002E+04 1.49824E+03 3.86791E+05 1.12049E+01 4.90586E-02 4.71279E+03 3.39049E+04 8.64596E+03 2.67645E+04
 3.78002E+04 1.49824E+03 3.86791E+05 1.12049E+01 4.90090E-02 4.71276E+03 3.39049E+04 8.64595E+03 2.67644E+04
 3.79002E+04 1.49824E+03 3.86791E+05 1.12048E+01 4.89617E-02 4.71274E+03 3.39049E+04 8.64593E+03 2.67643E+04
 3.80002E+04 1.49824E+03 3.86791E+05 1.12047E+01 4.89144E-02 4.71271E+03 3.39049E+04 8.64592E+03 2.67643E+04
 3.81002E+04 1.49824E+03 3.86791E+05 1.12046E+01 4.88691E-02 4.71268E+03 3.39048E+04 8.64590E+03 2.67642E+04
 3.82002E+04 1.49824E+03 3.86791E+05 1.12045E+01 4.88239E-02 4.71266E+03 3.39048E+04 8.64589E+03 2.67641E+04
 3.83002E+04 1.49824E+03 3.86791E+05 1.12045E+01 4.87748E-02 4.71263E+03 3.39048E+04 8.64587E+03 2.67640E+04
 3.84002E+04 1.49824E+03 3.86791E+05 1.12044E+01 4.87256E-02 4.71260E+03 3.39048E+04 8.64586E+03 2.67639E+04
 3.85002E+04 1.49824E+03 3.86791E+05 1.12043E+01 4.86788E-02 4.71258E+03 3.39048E+04 8.64585E+03 2.67639E+04
 3.86002E+04 1.49824E+03 3.86792E+05 1.12042E+01 4.86321E-02 4.71255E+03 3.39047E+04 8.64583E+03 2.67638E+04
 3.87002E+04 1.49824E+03 3.86791E+05 1.12042E+01 4.85837E-02 4.71253E+03 3.39047E+04 8.64582E+03 2.67637E+04
 3.88002E+04 1.49824E+03 3.86791E+05 1.12041E+01 4.85354E-02 4.71250E+03 3.39047E+04 8.64580E+03 2.67636E+04
 3.89002E+04 1.49824E+03 3.86792E+05 1.12040E+01 4.84881E-02 4.71247E+03 3.39047E+04 8.64579E+03 2.67635E+04
 3.90002E+04 1.49824E+03 3.86791E+05 1.12039E+01 4.84408E-02 4.71245E+03 3.39047E+04 8.64577E+03 2.67635E+04
 3.91002E+04 1.49824E+03 3.86792E+05 1.12039E+01 4.83947E-02 4.71242E+03 3.39047E+04 8.64576E+03 2.67634E+04
 3.92002E+04 1.49824E+03 3.86792E+05 1.12038E+01 4.83485E-02 4.71239E+03 3.39046E+04 8.64575E+03 2.67633E+04
 3.93002E+04 1.49824E+03 3.86792E+05 1.12037E+01 4.83007E-02 4.71237E+03 3.39046E+04 8.64573E+03 2.67632E+04
 3.94002E+04 1.49824E+03 3.86792E+05 1.12036E+01 4.82529E-02 4.71234E+03 3.39046E+04 8.64572E+03 2.67631E+04
 3.95002E+04 1.49824E+03 3.86792E+05 1.12035E+01 4.82061E-02 4.71231E+03 3.39046E+04 8.64570E+03 2.67631E+04
 3.96002E+04 1.49824E+03 3.86792E+05 1.12035E+01 4.81593E-02 4.71229E+03 3.39046E+04 8.64569E+03 2.67630E+04
 3.97002E+04 1.49824E+03 3.86792E+05 1.12034E+01 4.81096E-02 4.71226E+03 3.39046E+04 8.64567E+03 2.67629E+04
 3.98002E+04 1.49824E+03 3.86792E+05 1.12033E+01 4.80599E-02 4.71224E+03 3.39045E+04 8.64566E+03 2.67628E+04
 3.99002E+04 1.49824E+03 3.86791E+05 1.12032E+01 4.80126E-02 4.71221E+03 3.39045E+04 8.64564E+03 2.67627E+04
 4.00002E+04 1.49824E+03 3.86792E+05 1.12032E+01 4.79654E-02 4.71218E+03 3.39045E+04 8.64563E+03 2.67627E+04
 4.01002E+04 1.49824E+03 3.86792E+05 1.12031E+01 4.79192E-02 4.71216E+03 3.39045E+04 8.64562E+03 2.67626E+04
 4.02002E+04 1.49824E+03 3.86792E+05 1.12030E+01 4.78730E-02 4.71213E+03 3.39045E+04 8.64560E+03 2.67625E+04
 4.03002E+04 1.49824E+03 3.86792E+05 1.12029E+01 4.78252E-02 4.71210E+03 3.39044E+04 8.64559E+03 2.67624E+04
 4.04002E+04 1.49824E+03 3.86792E+05 1.12029E+01 4.77774E-02 4.71208E+03 3.39044E+04 8.64557E+03 2.67623E+04
 4.05002E+04 1.49824E+03 3.86792E+05 1.12028E+01 4.77295E-02 4.71205E+03 3.39044E+04 8.64556E+03 2.67623E+04
 4.06002E+04 1.49824E+03 3.86792E+05 1.12027E+01 4.76816E-02 4.71202E+03 3.39044E+04 8.64554E+03 2.67622E+04
 4.07002E+04 1.49824E+03 3.86792E+05 1.12026E+01 4.76317E-02 4.71200E+03 3.39044E+04 8.64553E+03 2.67621E+04
 4.08002E+04 1.49824E+03 3.86792E+05 1.12026E+01 4.75819E-02 4.71197E+03 3.39044E+04 8.64552E+03 2.67620E+04
 4.09002E+04 1.49824E+03 3.86792E+05 1.12025E+01 4.75347E-02 4.71195E+03 3.39043E+04 8.64550E+03 2.67619E+04
 4.10002E+04 1.49824E+03 3.86792E+05 1.12024E+01 4.74876E-02 4.71192E+03 3.39043E+04 8.64549E+03 2.67619E+04
 4.11002E+04 1.49824E+03 3.86792E+05 1.12023E+01 4.74414E-02 4.71189E+03 3.39043E+04 8.64547E+03 2.67618E+04
 4.12002E+04 1.49824E+03 3.86792E+05 1.12022E+01 4.73952E-02 4.71187E+03 3.39043E+04 8.64546E+03 2.67617E+04
 4.13002E+04 1.49824E+03 3.86792E+05 1.12022E+01 4.73460E-02 4.71184E+03 3.39043E+04 8.64544E+03 2.67616E+04
 4.14002E+04 1.49824E+03 3.86792E+05 1.12021E+01 4.72968E-02 4.71181E+03 3.39043E+04 8.64543E+03 2.67615E+04
 4.15002E+04 1.49824E+03 3.86792E+05 1.12020E+01 4.72502E-02 4.71179E+03 3.39042E+04 8.64542E+03 2.67615E+04
 4.16002E+04 1.49824E+03 3.86792E+05 1.12019E+01 4.72036E-02 4.71176E+03 3.39042E+04 8.64540E+03 2.67614E+04
 4.17002E+04 1.49824E+03 3.86792E+05 1.12019E+01 4.71537E-02 4.71173E+03 3.39042E+04 8.64539E+03 2.67613E+04
 4.18002E+04 1.49824E+03 3.86792E+05 1.12018E+01 4.71038E-02 4.71171E+03 3.39042E+04 8.64537E+03 2.67612E+04
 4.19002E+04 1.49824E+03 3.86792E+05 1.12017E+01 4.70553E-02 4.71168E+03 3.39042E+04 8.64536E+03 2.67611E+04
 4.20002E+04 1.49824E+03 3.86792E+05 1.12016E+01 4.70069E-02 4.71166E+03 3.39041E+04 8.64534E+03 2.67611E+04
 4.21002E+04 1.49824E+03 3.86792E+05 1.12016E+01 4.69610E-02 4.71163E+03 3.39041E+04 8.64533E+03 2.67610E+04
 4.22002E+04 1.49824E+03 3.86792E+05 1.12015E+01 4.69152E-02 4.71160E+03 3.39041E+04 8.64532E+03 2.67609E+04
 4.23002E+04 1.49824E+03 3.86792E+05 1.12014E+01 4.68659E-02 4.71158E+03 3.39041E+04 8.64530E+03 2.67608E+04
 4.24002E+04 1.49824E+03 3.86792E+05 1.12013E+01 4.68166E-02 4.71155E+03 3.39041E+04 8.64529E+03 2.67607E+04
 4.25002E+04 1.49824E+03 3.86792E+05 1.12012E+01 4.67700E-02 4.71152E+03 3.39041E+04 8.64527E+03 2.67607E+04
 4.26002E+04 1.49824E+03 3.86792E+05 1.12012E+01 4.67234E-02 4.71150E+03 3.39040E+04 8.64526E+03 2.67606E+04
 4.27002E+04 1.49824E+03 3.86792E+05 1.12011E+01 4.66735E-02 4.71147E+03 3.39040E+04 8.64524E+03 2.67605E+04
 4.28002E+04 1.49824E+03 3.86792E+05 1.12010E+01 4.66236E-02 4.71144E+03 3.39040E+04 8.64523E+03 2.67604E+04
 4.29002E+04 1.49824E+03 3.86792E+05 1.12009E+01 4.65750E-02 4.71142E+03 3.39040E+04 8.64522E+03 2.67603E+04
 4.30002E+04 1.49824E+03 3.86792E+05 1.12009E+01 4.65264E-02 4.71139E+03 3.39040E+04 8.64520E+03 2.67602E+04
 4.31002E+04 1.49824E+03 3.86792E+05 1.12008E+01 4.64805E-02 4.71137E+03 3.39040E+04 8.64519E+03 2.67602E+04
 4.32002E+04 1.49824E+03 3.86792E+05 1.12007E+01 4.64347E-02 4.71134E+03 3.39039E+04 8.64517E+03 2.67601E+04
 4.33002E+04 1.49824E+03 3.86792E+05 1.12006E+01 4.63870E-02 4.71131E+03 3.39039E+04 8.64516E+03 2.67600E+04
 4.34002E+04 1.49824E+03 3.86792E+05 1.12006E+01 4.63392E-02 4.71129E+03 3.39039E+04 8.64514E+03 2.67599E+04
 4.35002E+04 1.49824E+03 3.86792E+05 1.12005E+01 4.62913E-02 4.71126E+03 3.39039E+04 8.64513E+03 2.67598E+04
 4.36002E+04 1.49824E+03 3.86792E+05 1.12004E+01 4.62434E-02 4.71123E+03 3.39039E+04 8.64512E+03 2.67598E+04
 4.37002E+04 1.49824E+03 3.86792E+05 1.12003E+01 4.61981E-02 4.71121E+03 3.39038E+04 8.64510E+03 2.67597E+04
 4.38002E+04 1.49824E+03 3.86792E+05 1.12002E+01 4.61529E-02 4.71118E+03 3.39038E+04 8.64509E+03 2.67596E+04
 4.39002E+04 1.49824E+03 3.86792E+05 1.12002E+01 4.61040E-02 4.71115E+03 3.39038E+04 8.64507E+03 2.67595E+04
 4.40002E+04 1.49824E+03 3.86792E+05 1.12001E+01 4.60552E-02 4.71113E+03 3.39038E+04 8.64506E+03 2.67594E+04
 4.41002E+04 1.49824E+03 3.86792E+05 1.12000E+01 4.60078E-02 4.71110E+03 3.39038E+04 8.64504E+03 2.67594E+04
 4.42002E+04 1.49824E+03 3.86792E+05 1.11999E+01 4.59605E-02 4.71108E+03 3.39038E+04 8.64503E+03 2.67593E+04
 4.43002E+04 1.49824E+03 3.86792E+05 1.11999E+01 4.59110E-02 4.71105E+03 3.39037E+04 8.64501E+03 2.67592E+04
 4.44002E+04 1.49824E+03 3.86792E+05 1.11998E+01 4.58615E-02 4.71102E+03 3.39037E+04 8.64500E+03 2.67591E+04
 4.45002E+04 1.49824E+03 3.86792E+05 1.11997E+01 4.58133E-02 4.71100E+03 3.39037E+04 8.64499E+03 2.67590E+04
 4.46002E+04 1.49824E+03 3.86792E+05 1.11996E+01 4.57652E-02 4.71097E+03 3.39037E+04 8.64497E+03 2.67590E+04
 4.47002E+04 1.49824E+03 3.86792E+05 1.11996E+01 4.57199E-02 4.71094E+03 3.39037E+04 8.64496E+03 2.67589E+04
 4.48002E+04 1.49824E+03 3.86792E+05 1.11995E+01 4.56746E-02 4.71092E+03 3.39037E+04 8.64494E+03 2.67588E+04
 4.49002E+04 1.49824E+03 3.86792E+05 1.11994E+01 4.56259E-02 4.71089E+03 3.39036E+04 8.64493E+03 2.67587E+04
 4.50002E+04 1.49824E+03 3.86792E+05 1.11993E+01 4.55772E-02 4.71086E+03 3.39036E+04 8.64491E+03 2.67586E+04
 4.51002E+04 1.49824E+03 3.86792E+05 1.11992E+01 4.55298E-02 4.71084E+03 3.39036E+04 8.64490E+03 2.67586E+04
 4.52002E+04 1.49824E+03 3.86792E+05 1.11992E+01 4.54824E-02 4.71081E+03 3.39036E+04 8.64489E+03 2.67585E+04
 4.53002E+04 1.49824E+03 3.86792E+05 1.11991E+01 4.54327E-02 4.71079E+03 3.39036E+04 8.64487E+03 2.67584E+04
 4.54002E+04 1.49824E+03 3.86792E+05 1.11990E+01 4.53830E-02 4.71076E+03 3.39035E+04 8.64486E+03 2.67583E+04
 4.55002E+04 1.49824E+03 3.86792E+05 1.11989E+01 4.53363E-02 4.71073E+03 3.39035E+04 8.64484E+03 2.67582E+04
 4.56002E+04 1.49824E+03 3.86792E+05 1.11989E+01 4.52897E-02 4.71071E+03 3.39035E+04 8.64483E+03 2.67582E+04
 4.57002E+04 1.49824E+03 3.86793E+05 1.11988E+01 4.52429E-02 4.71068E+03 3.39035E+04 8.64481E+03 2.67581E+04
 4.58002E+04 1.49824E+03 3.86792E+05 1.11987E+01 4.51961E-02 4.71065E+03 3.39035E+04 8.64480E+03 2.67580E+04
 4.59002E+04 1.49824E+03 3.86792E+05 1.11986E+01 4.51470E-02 4.71063E+03 3.39035E+04 8.64479E+03 2.67579E+04
 4.60002E+04 1.49824E+03 3.86792E+05 1.11986E+01 4.50979E-02 4.71060E+03 3.39034E+04 8.64477E+03 2.67578E+04
 4.61002E+04 1.49824E+03 3.86792E+05 1.11985E+01 4.50520E-02 4.71057E+03 3.39034E+04 8.64476E+03 2.67578E+04
 4.62002E+04 1.49824E+03 3.86792E+05 1.11984E+01 4.50061E-02 4.71055E+03 3.39034E+04 8.64474E+03 2.67577E+04
 4.63002E+04 1.49824E+03 3.86792E+05 1.11983E+01 4.49545E-02 4.71052E+03 3.39034E+04 8.64473E+03 2.67576E+04
 4.64002E+04 1.49824E+03 3.86792E+05 1.11983E+01 4.49028E-02 4.71050E+03 3.39034E+04 8.64471E+03 2.67575E+04
 4.65002E+04 1.49824E+03 3.86792E+05 1.11982E+01 4.48546E-02 4.71047E+03 3.39034E+04 8.64470E+03 2.67574E+04
 4.66002E+04 1.49824E+03 3.86792E+05 1.11981E+01 4.48064E-02 4.71044E+03 3.39033E+04 8.64469E+03 2.67574E+04
 4.67002E+04 1.49824E+03 3.86792E+05 1.11980E+01 4.47612E-02 4.71042E+03 3.39033E+04 8.64467E+03 2.67573E+04
 4.68002E+04 1.49824E+03 3.86792E+05 1.11979E+01 4.47160E-02 4.71039E+03 3.39033E+04 8.64466E+03 2.67572E+04
 4.69002E+04 1.49824E+03 3.86792E+05 1.11979E+01 4.46667E-02 4.71036E+03 3.39033E+04 8.64464E+03 2.67571E+04
 4.70002E+04 1.49824E+03 3.86792E+05 1.11978E+01 4.46174E-02 4.71034E+03 3.39033E+04 8.64463E+03 2.67570E+04
 4.71002E+04 1.49824E+03 3.86792E+05 1.11977E+01 4.45698E-02 4.71031E+03 3.39032E+04 8.64461E+03 2.67570E+04
 4.72002E+04 1.49824E+03 3.86792E+05 1.11976E+01 4.45223E-02 4.71028E+03 3.39032E+04 8.64460E+03 2.67569E+04
 4.73002E+04 1.49824E+03 3.86792E+05 1.11976E+01 4.44701E-02 4.71026E+03 3.39032E+04 8.64459E+03 2.67568E+04
 4.74002E+04 1.49824E+03 3.86792E+05 1.11975E+01 4.44179E-02 4.71023E+03 3.39032E+04 8.64457E+03 2.67567E+04
 4.75002E+04 1.49824E+03 3.86792E+05 1.11974E+01 4.43696E-02 4.71021E+03 3.39032E+04 8.64456E+03 2.67566E+04
 4.76002E+04 1.49824E+03 3.86792E+05 1.11973E+01 4.43213E-02 4.71018E+03 3.39032E+04 8.64454E+03 2.67566E+04
 4.77002E+04 1.49824E+03 3.86792E+05 1.11973E+01 4.42760E-02 4.71015E+03 3.39031E+04 8.64453E+03 2.67565E+04
 4.78002E+04 1.49824E+03 3.86792E+05 1.11972E+01 4.42308E-02 4.71013E+03 3.39031E+04 8.64451E+03 2.67564E+04
 4.79002E+04 1.49824E+03 3.86792E+05 1.11971E+01 4.41796E-02 4.71010E+03 3.39031E+04 8.64450E+03 2.67563E+04
 4.80002E+04 1.49824E+03 3.86792E+05 1.11970E+01 4.41284E-02 4.71007E+03 3.39031E+04 8.64448E+03 2.67562E+04
 4.81002E+04 1.49824E+03 3.86792E+05 1.11969E+01 4.40807E-02 4.71005E+03 3.39031E+04 8.64447E+03 2.67562E+04
 4.82002E+04 1.49824E+03 3.86792E+05 1.11969E+01 4.40331E-02 4.71002E+03 3.39031E+04 8.64446E+03 2.67561E+04
 4.83002E+04 1.49824E+03 3.86792E+05 1.11968E+01 4.39828E-02 4.71000E+03 3.39030E+04 8.64444E+03 2.67560E+04
 4.84002E+04 1.49824E+03 3.86792E+05 1.11967E+01 4.39326E-02 4.70997E+03 3.39030E+04 8.64443E+03 2.67559E+04
 4.85002E+04 1.49824E+03 3.86792E+05 1.11966E+01 4.38839E-02 4.70994E+03 3.39030E+04 8.64441E+03 2.67558E+04
 4.86002E+04 1.49824E+03 3.86792E+05 1.11966E+01 4.38352E-02 4.70992E+03 3.39030E+04 8.64440E+03 2.67558E+04
 4.87002E+04 1.49824E+03 3.86792E+05 1.11965E+01 4.37882E-02 4.70989E+03 3.39030E+04 8.64438E+03 2.67557E+04
 4.88002E+04 1.49824E+03 3.86792E+05 1.11964E+01 4.37413E-02 4.70986E+03 3.39030E+04 8.64437E+03 2.67556E+04
 4.89002E+04 1.49824E+03 3.86792E+05 1.11963E+01 4.36918E-02 4.70984E+03 3.39029E+04 8.64436E+03 2.67555E+04
 4.90002E+04 1.49824E+03 3.86792E+05 1.11963E+01 4.36423E-02 4.70981E+03 3.39029E+04 8.64434E+03 2.67554E+04
 4.91002E+04 1.49824E+03 3.86792E+05 1.11962E+01 4.35944E-02 4.70978E+03 3.39029E+04 8.64433E+03 2.67554E+04
 4.92002E+04 1.49824E+03 3.86792E+05 1.11961E+01 4.35466E-02 4.70976E+03 3.39029E+04 8.64431E+03 2.67553E+04
 4.93002E+04 1.49824E+03 3.86792E+05 1.11960E+01 4.34941E-02 4.70973E+03 3.39029E+04 8.64430E+03 2.67552E+04
 4.94002E+04 1.49824E+03 3.86792E+05 1.11960E+01 4.34416E-02 4.70971E+03 3.39028E+04 8.64428E+03 2.67551E+04
 4.95002E+04 1.49824E+03 3.86792E+05 1.11959E+01 4.33930E-02 4.70968E+03 3.39028E+04 8.64427E+03 2.67550E+04
 4.96002E+04 1.49824E+03 3.86792E+05 1.11958E+01 4.33445E-02 4.70965E+03 3.39028E+04 8.64426E+03 2.67550E+04
 4.97002E+04 1.49824E+03 3.86792E+05 1.11957E+01 4.32975E-02 4.70963E+03 3.39028E+04 8.64424E+03 2.67549E+04
 4.98002E+04 1.49824E+03 3.86792E+05 1.11956E+01 4.32504E-02 4.70960E+03 3.39028E+04 8.64423E+03 2.67548E+04
 4.99002E+04 1.49824E+03 3.86792E+05 1.11956E+01 4.32006E-02 4.70957E+03 3.39028E+04 8.64421E+03 2.67547E+04
 5.00002E+04 1.49824E+03 3.86792E+05 1.11955E+01 4.31509E-02 4.70955E+03 3.39027E+04 8.64420E+03 2.67546E+04
 5.01002E+04 1.49824E+03 3.86792E+05 1.11954E+01 4.31030E-02 4.70952E+03 3.39027E+04 8.64418E+03 2.67546E+04
